"lat","lon","sst","chlorophyll"
-14,84,25.8199996948242,0.11929889768362
-13,84,26.2399997711182,0.136976823210716
-12,84,26.2099990844727,0.232511267066002
-11,84,26.0699996948242,0.239210441708565
-10,84,26.6999988555908,0.193276032805443
-9,84,27.189998626709,0.163696259260178
-8,84,27.9300003051758,0.135271802544594
-7,84,28.8999996185303,0.128517597913742
-6,84,28.7799987792969,0.157911315560341
-5,84,28.6999988555908,0.204834952950478
-4,84,29.0399990081787,0.176814436912537
-3,84,28.3999996185303,0.136409506201744
-2,84,28.9599990844727,0.142384052276611
-1,84,29.4099998474121,0.139864474534988
0,84,29.3799991607666,0.147919908165932
1,84,29.4299983978271,0.177988722920418
2,84,29.2399997711182,0.185793146491051
3,84,28.75,0.181278973817825
4,84,28.7799987792969,0.169832572340965
5,84,28.1800003051758,0.264411062002182
6,84,27.9699993133545,0.160094052553177
7,84,28.7899990081787,0.14253805577755
8,84,29,0.143258273601532
-14,85,25.769998550415,0.106471717357635
-13,85,26.3099994659424,0.143635258078575
-12,85,26.25,0.225028052926064
-11,85,26.0699996948242,0.215226322412491
-10,85,26.2600002288818,0.206192374229431
-9,85,26.4899997711182,0.156376242637634
-8,85,27.4599990844727,0.142603620886803
-7,85,28.5900001525879,0.121667481958866
-6,85,28.5399990081787,0.167499303817749
-5,85,28.3400001525879,0.192327469587326
-4,85,28.75,0.121121518313885
-3,85,28.5599994659424,0.115368992090225
-2,85,29.0299987792969,0.14802685379982
-1,85,29.439998626709,0.141137644648552
0,85,29.3099994659424,0.132313132286072
1,85,28.9899997711182,0.226112142205238
2,85,28.2799987792969,0.212480440735817
-14,86,25.7799987792969,0.105529107153416
-13,86,26.3400001525879,0.143280819058418
-12,86,26.2399997711182,0.221160620450974
-11,86,26.019998550415,0.215172916650772
-10,86,26.1399993896484,0.197147324681282
-9,86,26.5299987792969,0.14779394865036
-8,86,27.3999996185303,0.114668786525726
-7,86,28.6499996185303,0.12184676527977
-6,86,28.5799999237061,0.187171921133995
-5,86,28.4499988555908,0.131901755928993
-4,86,28.5599994659424,0.119649030268192
-3,86,29.1399993896484,0.103099994361401
-2,86,29.4599990844727,0.133498683571815
-1,86,29.3299999237061,0.144360840320587
0,86,29.1700000762939,0.124665684998035
1,86,29.019998550415,0.160334810614586
2,86,28.3999996185303,0.159567281603813
-14,87,25.6999988555908,0.100335098803043
-13,87,26.2399997711182,0.148342534899712
-12,87,25.9300003051758,0.223565936088562
-11,87,26.0900001525879,0.236052885651588
-10,87,26,0.197726368904114
-9,87,26.7399997711182,0.165673166513443
-8,87,26.8099994659424,0.135391414165497
-7,87,27.8099994659424,0.142905279994011
-6,87,28.4699993133545,0.156261712312698
-5,87,28.9899997711182,0.116172663867474
-4,87,29.019998550415,0.118797197937965
-3,87,29.1999988555908,0.101516008377075
-2,87,29.3400001525879,0.13532766699791
-1,87,29.4799995422363,0.144996538758278
0,87,29.3699989318848,0.152839154005051
1,87,28.9099998474121,0.159476831555367
2,87,28.7799987792969,0.148255422711372
-14,88,25.6299991607666,0.114473335444927
-13,88,26.2199993133545,0.137846499681473
-12,88,25.8499984741211,0.230262622237206
-11,88,25.6199989318848,0.234326839447021
-10,88,25.6700000762939,0.208084285259247
-9,88,26.1199989318848,0.162037879228592
-8,88,27.1099987030029,0.13756375014782
-7,88,28.3899993896484,0.138915851712227
-6,88,29.189998626709,0.132196754217148
-5,88,29.6700000762939,0.113787971436977
-4,88,29.3799991607666,0.109711989760399
-3,88,29.4200000762939,0.108336925506592
-2,88,29.1700000762939,0.133949667215347
-1,88,29.2199993133545,0.134045258164406
0,88,29.7199993133545,0.151156663894653
1,88,29.0799999237061,0.153361916542053
2,88,28.5799999237061,0.148967444896698
3,88,28.75,0.196239337325096
4,88,28.6800003051758,0.263814508914948
7,88,29.0799999237061,0.172633975744247
-14,89,25.5699996948242,0.12996743619442
-13,89,26.0100002288818,0.153018474578857
-12,89,26.0799999237061,0.224863156676292
-11,89,25.4899997711182,0.217402532696724
-10,89,25.3899993896484,0.20413526892662
-9,89,26.1199989318848,0.160599738359451
-8,89,27.5999984741211,0.146634295582771
-7,89,29.3299999237061,0.136867001652718
-6,89,29.5,0.109755285084248
-5,89,29.4499988555908,0.109354794025421
-4,89,29.2899990081787,0.103593349456787
-3,89,29.6099987030029,0.123945280909538
-2,89,29.2199993133545,0.139967009425163
-1,89,29.0799999237061,0.139176338911057
0,89,29.439998626709,0.142894119024277
1,89,29.0399990081787,0.147222861647606
2,89,28.7999992370605,0.156009539961815
3,89,28.8400001525879,0.179453149437904
4,89,28.6399993896484,0.180307522416115
5,89,28.4599990844727,0.160981699824333
6,89,28.7199993133545,0.183444425463676
7,89,28.6199989318848,0.161532506346703
8,89,28.7199993133545,0.133760944008827
-14,90,25.8299999237061,0.149386808276176
-13,90,26.1599998474121,0.174458831548691
-12,90,26.0399990081787,0.195955514907837
-11,90,25.3799991607666,0.234842151403427
-10,90,25.8699989318848,0.193245887756348
-9,90,26.9200000762939,0.160804092884064
-8,90,27.5599994659424,0.12858884036541
-7,90,29.1799983978271,0.134666219353676
-6,90,29.689998626709,0.110930517315865
-5,90,29.5,0.10273465514183
-4,90,29.4099998474121,0.0937949791550636
-3,90,29.2199993133545,0.0929546132683754
-2,90,28.9799995422363,0.119491651654243
-1,90,29.2399997711182,0.143580555915833
0,90,29.5999984741211,0.134355768561363
1,90,29.1299991607666,0.141980111598969
2,90,29.1199989318848,0.164098635315895
3,90,28.7099990844727,0.153942808508873
4,90,28.5999984741211,0.151838108897209
5,90,29.0999984741211,0.160706952214241
6,90,29.0999984741211,0.159437790513039
7,90,28.5100002288818,0.155035600066185
8,90,28.8299999237061,0.144321799278259
-14,91,25.6700000762939,0.173628970980644
-13,91,25.7600002288818,0.206576198339462
-12,91,25.7099990844727,0.222511306405067
-11,91,25.7999992370605,0.239791542291641
-10,91,26.1700000762939,0.188654452562332
-9,91,27.2399997711182,0.148879021406174
-8,91,27.7799987792969,0.113010175526142
-7,91,28.7799987792969,0.120992131531239
-6,91,29.1499996185303,0.117877215147018
-5,91,29.1099987030029,0.0967388600111008
-4,91,29.2399997711182,0.096054308116436
-3,91,29.0100002288818,0.084361344575882
-2,91,29,0.0972776561975479
-1,91,29.3299999237061,0.129858732223511
0,91,29.5699996948242,0.125795096158981
1,91,29.25,0.145875781774521
2,91,29.019998550415,0.177599146962166
3,91,29,0.159475117921829
4,91,29.3599987030029,0.156651869416237
5,91,29.2600002288818,0.151538357138634
6,91,28.9899997711182,0.146140977740288
7,91,28.5599994659424,0.154978662729263
8,91,28.7199993133545,0.152112647891045
-14,92,26.1800003051758,0.186297073960304
-13,92,26.0900001525879,0.209761425852776
-12,92,25.8299999237061,0.215211883187294
-11,92,26.1499996185303,0.219127342104912
-10,92,26.5,0.175683051347733
-9,92,27.519998550415,0.127487376332283
-8,92,28.0999984741211,0.115209020674229
-7,92,28.4200000762939,0.106984779238701
-6,92,28.9499988555908,0.10696841776371
-5,92,29.3199996948242,0.0867197439074516
-4,92,29.4099998474121,0.0858228877186775
-3,92,29.3699989318848,0.0983348488807678
-2,92,29.439998626709,0.0966501981019974
-1,92,29.5999984741211,0.114626236259937
0,92,29.25,0.116149015724659
1,92,29.3699989318848,0.119129374623299
2,92,29.2799987792969,0.127977654337883
3,92,29.1399993896484,0.1482794880867
4,92,29.1999988555908,0.171273842453957
5,92,28.8299999237061,0.158568605780602
6,92,28.6700000762939,0.156780287623405
7,92,28.6800003051758,0.16656756401062
8,92,29.0399990081787,0.156429976224899
-14,93,26.3299999237061,0.180174484848976
-13,93,26.3499984741211,0.18716961145401
-12,93,26.1099987030029,0.185841426253319
-11,93,26.1599998474121,0.178546696901321
-10,93,26.5299987792969,0.143585026264191
-9,93,27.6499996185303,0.114523515105247
-8,93,28.4499988555908,0.10861261934042
-7,93,28.6499996185303,0.101731531322002
-6,93,28.6099987030029,0.100704677402973
-5,93,29.4699993133545,0.0939450487494469
-4,93,29.7399997711182,0.108254596590996
-3,93,30.1099987030029,0.109808161854744
-2,93,30.0799999237061,0.0982401296496391
-1,93,29.5900001525879,0.114191763103008
0,93,29.439998626709,0.116151675581932
1,93,29.6599998474121,0.116784930229187
2,93,29.3099994659424,0.123916305601597
3,93,28.7899990081787,0.149126946926117
4,93,28.9699993133545,0.15883581340313
5,93,29.0799999237061,0.169621288776398
6,93,28.5299987792969,0.194172278046608
7,93,28.0799999237061,0.170139566063881
8,93,28.8599987030029,0.152974218130112
-14,94,26.5,0.158679112792015
-13,94,26.5900001525879,0.15766716003418
-12,94,26.7199993133545,0.150973841547966
-11,94,26.9899997711182,0.142563849687576
-10,94,27.5799999237061,0.115909844636917
-9,94,27.8400001525879,0.108906872570515
-8,94,28.269998550415,0.115870736539364
-7,94,28.3099994659424,0.11125323921442
-6,94,28.439998626709,0.10793498903513
-5,94,29.4499988555908,0.113198421895504
-4,94,29.4699993133545,0.107938289642334
-3,94,29.6199989318848,0.115576982498169
-2,94,29.2099990844727,0.109982274472713
-1,94,29.019998550415,0.107993803918362
0,94,29.1700000762939,0.115502655506134
1,94,29.4799995422363,0.120611265301704
2,94,29.2399997711182,0.121495500206947
3,94,29.1099987030029,0.124127052724361
4,94,29.0499992370605,0.126836493611336
6,94,28.4300003051758,0.186816841363907
7,94,28.4699993133545,0.162804961204529
-14,95,26.8400001525879,0.143345147371292
-13,95,27.1700000762939,0.142153412103653
-12,95,27.5599994659424,0.130021870136261
-11,95,27.5599994659424,0.134205162525177
-10,95,27.5,0.142926648259163
-9,95,27.5599994659424,0.137339740991592
-8,95,27.6999988555908,0.115747377276421
-7,95,27.9300003051758,0.0972999185323715
-6,95,28.269998550415,0.0995232313871384
-5,95,29.2399997711182,0.110292978584766
-4,95,29.4499988555908,0.106066502630711
-3,95,29.3999996185303,0.121131487190723
-2,95,28.8099994659424,0.116318963468075
-1,95,29.189998626709,0.123308569192886
0,95,29.5399990081787,0.121170602738857
1,95,29.4099998474121,0.120620600879192
2,95,29.5399990081787,0.122739896178246
3,95,29.4599990844727,0.120648726820946
4,95,29.0799999237061,0.18051378428936
7,95,29.5,0.156493037939072
-14,96,26.9899997711182,0.144435852766037
-13,96,26.9300003051758,0.160866528749466
-12,96,27.5,0.147234901785851
-11,96,27.8599987030029,0.1264378875494
-10,96,27.939998626709,0.134209156036377
-9,96,28.3899993896484,0.125576674938202
-8,96,28.5900001525879,0.11024659126997
-7,96,28.5999984741211,0.105913490056992
-6,96,28.6499996185303,0.102810680866241
-5,96,29.4599990844727,0.12330312281847
-4,96,29.8199996948242,0.112225256860256
-3,96,29.8599987030029,0.121845453977585
-2,96,29.6700000762939,0.134613871574402
-1,96,29.7799987792969,0.122882038354874
0,96,29.7899990081787,0.134822651743889
1,96,29.8499984741211,0.158814162015915
2,96,29.5900001525879,0.151034295558929
3,96,29.5399990081787,0.49948650598526
6,96,28.9499988555908,0.175709038972855
7,96,29.1599998474121,0.179422929883003
-14,97,26.6299991607666,0.129970863461494
-13,97,26.8999996185303,0.141185060143471
-12,97,27.1800003051758,0.134022682905197
-11,97,27.4300003051758,0.120813563466072
-10,97,27.939998626709,0.126963943243027
-9,97,28.6800003051758,0.121917933225632
-8,97,28.8499984741211,0.107701689004898
-7,97,28.769998550415,0.101674236357212
-6,97,29.1099987030029,0.0913347825407982
-5,97,29.6499996185303,0.105051144957542
-4,97,29.3099994659424,0.110651403665543
-3,97,29.4899997711182,0.108922980725765
-2,97,29.6399993896484,0.131668508052826
-1,97,29.5599994659424,0.128484085202217
0,97,29.769998550415,0.233396604657173
1,97,30.269998550415,0.317440956830978
2,97,29.75,1.00125098228455
3,97,29.1399993896484,1.10115671157837
6,97,29.3599987030029,0.190218657255173
7,97,29.5799999237061,0.147723734378815
8,97,28.7199993133545,0.210706159472466
-14,98,25.8999996185303,0.106186106801033
-13,98,26.8299999237061,0.110678933560848
-12,98,27.2600002288818,0.103578627109528
-11,98,27.439998626709,0.107533596456051
-10,98,28,0.114573046565056
-9,98,28.8400001525879,0.11021351069212
-8,98,29.5,0.100127227604389
-7,98,29.0900001525879,0.0985268801450729
-6,98,29,0.0991812571883202
-5,98,29.5900001525879,0.0985362008213997
-4,98,29.6299991607666,0.101885445415974
-3,98,29.6399993896484,0.116195440292358
-2,98,29.5799999237061,0.139217466115952
-1,98,29.689998626709,0.294171631336212
0,98,29.939998626709,0.767333090305328
1,98,29.8999996185303,1.5214935541153
5,98,30.1999988555908,0.271056830883026
6,98,30.2600002288818,0.233645796775818
7,98,29.6700000762939,0.543415665626526
8,98,28.5699996948242,1.05723631381989
-14,99,26.3599987030029,0.107505343854427
-13,99,26.6199989318848,0.113307133316994
-12,99,27.3599987030029,0.113570138812065
-11,99,27.8199996948242,0.0921655595302582
-10,99,28.3899993896484,0.0875915214419365
-9,99,29.1299991607666,0.109681397676468
-8,99,29.3400001525879,0.10517929494381
-7,99,29.4699993133545,0.0973491221666336
-6,99,29.1799983978271,0.106776386499405
-5,99,30.0699996948242,0.107750996947289
-4,99,30.189998626709,0.106680549681187
-3,99,30.3299999237061,0.157501429319382
-2,99,30.2199993133545,0.233274593949318
-1,99,30.2899990081787,0.460772454738617
0,99,30.2199993133545,1.9250785112381
4,99,29.5,0.40419727563858
5,99,30.4799995422363,0.336955666542053
6,99,30.3599987030029,0.614831447601318
7,99,29.5499992370605,0.905071496963501
-14,100,26.8499984741211,0.118192568421364
-13,100,27.2099990844727,0.122886180877686
-12,100,27.5499992370605,0.118072159588337
-11,100,28.1399993896484,0.0970783084630966
-10,100,28.75,0.0890714451670647
-9,100,29.1499996185303,0.0976924896240234
-8,100,29.6199989318848,0.0970378667116165
-7,100,29.7099990844727,0.0923050120472908
-6,100,29.4699993133545,0.0981364026665688
-5,100,30.2099990844727,0.116743713617325
-4,100,30.5100002288818,0.150180026888847
-3,100,30.6399993896484,0.186494290828705
-2,100,30.689998626709,0.339738756418228
-1,100,30.5900001525879,0.632156789302826
3,100,28.9599990844727,1.72538185119629
4,100,29.6499996185303,1.63285374641418
5,100,29.9099998474121,1.66041922569275
6,100,30.0900001525879,2.17287254333496
-14,101,27.3199996948242,0.110693693161011
-13,101,27.8299999237061,0.111026719212532
-12,101,27.5399990081787,0.112012818455696
-11,101,28.1499996185303,0.105107732117176
-10,101,28.7999992370605,0.10077691078186
-9,101,29.3799991607666,0.097988061606884
-8,101,29.7899990081787,0.0958600044250488
-7,101,29.8899993896484,0.0892644971609116
-6,101,30,0.10408940166235
-5,101,30.7099990844727,0.140292525291443
-4,101,30.7899990081787,0.542338609695435
-3,101,30.5,1.33550417423248
3,101,28.1399993896484,2.88094186782837
7,101,30.25,0.255629509687424
8,101,30.2799987792969,0.170010924339294
-14,102,27.3699989318848,0.099777452647686
-13,102,28.2600002288818,0.0959932506084442
-12,102,27.9200000762939,0.106800563633442
-11,102,28.25,0.106972329318523
-10,102,28.5699996948242,0.11205368489027
-9,102,29.6299991607666,0.102873302996159
-8,102,30.1299991607666,0.0969256088137627
-7,102,29.9699993133545,0.0751429572701454
-6,102,30.1700000762939,0.0880676060914993
-5,102,31.019998550415,0.678767144680023
-4,102,30.5799999237061,2.0125584602356
7,102,29.6099987030029,0.22370533645153
8,102,29.6199989318848,0.218127116560936
-14,103,27.6299991607666,0.0975072160363197
-13,103,28.5499992370605,0.0888799130916595
-12,103,28.4699993133545,0.100605852901936
-11,103,28.5599994659424,0.100939132273197
-10,103,28.5699996948242,0.123870469629765
-9,103,29.0599994659424,0.110469594597816
-8,103,29.9599990844727,0.117694586515427
-7,103,30.3299999237061,0.116201214492321
-6,103,30.5100002288818,0.120729431509972
6,103,29.5299987792969,0.203377529978752
7,103,29.2199993133545,0.225617006421089
8,103,29.3999996185303,0.315760523080826
-14,104,27.5599994659424,0.108821555972099
-13,104,28.5799999237061,0.0994148477911949
-12,104,28.8799991607666,0.105167716741562
-11,104,28.9099998474121,0.0970181152224541
-10,104,29.3999996185303,0.0895869210362434
-9,104,29.2399997711182,0.11015161126852
-7,104,29.3799991607666,0.208969041705132
-6,104,29.6999988555908,0.116201214492321
-1,104,29.6599998474121,3.17647361755371
2,104,28.75,0.554869413375854
3,104,29.3199996948242,0.269321978092194
4,104,29.0100002288818,0.233291625976562
5,104,29.1499996185303,0.166304156184196
6,104,29.5299987792969,0.205395445227623
7,104,29.3099994659424,0.256119787693024
8,104,29.1299991607666,1.59584379196167
-14,105,27.0900001525879,0.120559960603714
-13,105,28.1700000762939,0.106770537793636
-12,105,28.7099990844727,0.10537151992321
-11,105,28.5,0.109048023819923
-10,105,28.2899990081787,0.0927941501140594
-9,105,28.5100002288818,0.114735849201679
-7,105,29.9299983978271,0.338853478431702
-6,105,29.6499996185303,0.51515007019043
3,105,29.75,0.164501681923866
4,105,29.4599990844727,0.170924633741379
5,105,29.1399993896484,0.165047988295555
6,105,29.5599994659424,0.194613724946976
7,105,29.6700000762939,0.33853867650032
8,105,29.3999996185303,1.9762544631958
-14,106,27.439998626709,0.113236539065838
-13,106,28.1399993896484,0.124163255095482
-12,106,28.519998550415,0.127574816346169
-11,106,28.4099998474121,0.117905877530575
-10,106,28.7099990844727,0.0989860966801643
-9,106,28.9799995422363,0.115770451724529
-8,106,29.3799991607666,0.30211615562439
-6,106,29.75,0.598561763763428
-5,106,29.6700000762939,1.71224474906921
-4,106,29.5799999237061,1.05171167850494
-3,106,29.689998626709,0.496681660413742
-2,106,29.6199989318848,0.460886359214783
-1,106,29.5,0.276734411716461
0,106,28.9699993133545,0.27483206987381
1,106,29.5399990081787,0.211434751749039
3,106,29.4699993133545,0.151055514812469
5,106,29.5299987792969,0.158617630600929
7,106,29.1299991607666,0.258629202842712
8,106,29.7299995422363,0.424825519323349
-14,107,28.0100002288818,0.123368673026562
-13,107,27.9699993133545,0.131717965006828
-12,107,28.1499996185303,0.123022556304932
-11,107,28.5299987792969,0.11219435185194
-10,107,29.2999992370605,0.0973671302199364
-9,107,29.3699989318848,0.126464545726776
-8,107,28.9499988555908,0.400337278842926
-6,107,29.8699989318848,0.515398740768433
-5,107,29.6799983978271,0.505836665630341
-4,107,29.4299983978271,0.615048885345459
-3,107,29.5599994659424,0.458200871944427
-2,107,29.9299983978271,0.417156726121902
-1,107,29.4200000762939,0.38215309381485
0,107,29.3099994659424,0.406595706939697
2,107,29.7799987792969,0.153988406062126
3,107,29.75,0.151080787181854
4,107,29.6799983978271,0.160866722464561
5,107,29.5299987792969,0.139807805418968
6,107,29.3400001525879,0.104065641760826
7,107,29.1199989318848,0.149345606565475
8,107,29.25,0.191880136728287
-14,108,28.0900001525879,0.123357482254505
-13,108,28.1299991607666,0.122201770544052
-12,108,28.5399990081787,0.115662083029747
-11,108,29,0.107929840683937
-10,108,29.4499988555908,0.0951629355549812
-9,108,29.1199989318848,0.121618151664734
-8,108,29.3400001525879,0.328277736902237
-6,108,29.4699993133545,0.307425260543823
-5,108,29.3899993896484,0.407435476779938
-4,108,29.3699989318848,0.499355316162109
-2,108,29.9499988555908,0.704320788383484
-1,108,29.769998550415,2.51181101799011
0,108,29.8999996185303,2.7316746711731
1,108,30.1299991607666,1.60298144817352
2,108,29.8599987030029,0.502974689006805
3,108,30.019998550415,0.227810427546501
4,108,29.9200000762939,0.0967441350221634
5,108,30.1799983978271,0.084495335817337
6,108,29.769998550415,0.106609769165516
7,108,29.7299995422363,0.118918664753437
8,108,28.9899997711182,0.11466633528471
-14,109,28.1099987030029,0.107311278581619
-13,109,28.6499996185303,0.106335505843163
-12,109,29.2399997711182,0.112074576318264
-11,109,29.4899997711182,0.102790601551533
-10,109,29.1799983978271,0.0872177109122276
-9,109,29.1299991607666,0.10066207498312
-8,109,29.7199993133545,0.93522971868515
-7,109,29.7799987792969,0.407080709934235
-6,109,29.2600002288818,0.268661439418793
-5,109,29.1299991607666,0.412475079298019
-4,109,29.3599987030029,0.581641912460327
-3,109,29.6799983978271,1.10492932796478
-2,109,30.0299987792969,3.05660104751587
-1,109,29.5900001525879,7.65706634521484
0,109,29.5299987792969,9.84623146057129
2,109,30.1299991607666,0.66917496919632
3,109,29.7999992370605,0.104179672896862
4,109,29.1700000762939,0.0873368829488754
5,109,29.5100002288818,0.0776370912790298
6,109,29.75,0.0853694379329681
7,109,29.6700000762939,0.0906424969434738
8,109,29.9099998474121,0.0904531553387642
-14,110,28.0599994659424,0.124372258782387
-13,110,28.4599990844727,0.116776712238789
-12,110,28.7799987792969,0.103494167327881
-11,110,28.6299991607666,0.108079575002193
-10,110,28.7099990844727,0.0912639647722244
-9,110,29.2899990081787,0.233189404010773
-8,110,29.8899993896484,1.04676759243011
-7,110,29.3499984741211,0.512732565402985
-6,110,28.9799995422363,0.317442536354065
-5,110,29.1299991607666,0.517830550670624
-4,110,29.7299995422363,1.50917422771454
-3,110,30,3.13081550598145
-2,110,30.0799999237061,6.23196125030518
4,110,29.5599994659424,0.0715710744261742
5,110,29.4099998474121,0.0850144475698471
6,110,29.4599990844727,0.0926174521446228
7,110,30.3699989318848,0.0915316864848137
8,110,30.4899997711182,0.108045510947704
-14,111,28.1700000762939,0.132479786872864
-13,111,28.0599994659424,0.115293480455875
-12,111,28.2399997711182,0.116462357342243
-11,111,28.2899990081787,0.107499942183495
-10,111,28.519998550415,0.0999985411763191
-9,111,29.1999988555908,0.245952174067497
-6,111,28.939998626709,0.203477069735527
-5,111,29.3499984741211,0.58290034532547
-4,111,29.7799987792969,3.1710364818573
5,111,29.5,0.082935519516468
6,111,29.6499996185303,0.098375141620636
7,111,30.4599990844727,0.108209684491158
8,111,30.7799987792969,0.113871924579144
-14,112,27.9799995422363,0.13152551651001
-13,112,28.0599994659424,0.124460019171238
-12,112,28.1299991607666,0.120795503258705
-11,112,28.2799987792969,0.1298858076334
-10,112,28.4899997711182,0.106558188796043
-9,112,28.9499988555908,0.22797779738903
-7,112,28.8699989318848,0.86394476890564
-6,112,28.939998626709,0.183993831276894
-5,112,29.2600002288818,0.421754091978073
-4,112,29.6999988555908,8.63407611846924
3,112,30.3099994659424,0.656517267227173
4,112,30.1799983978271,0.131730943918228
6,112,29.6799983978271,0.0880697295069695
7,112,30.6299991607666,0.0861053690314293
8,112,30.7399997711182,0.091041088104248
-14,113,27.9499988555908,0.138677015900612
-13,113,28.4699993133545,0.142736211419106
-12,113,28.2399997711182,0.142391443252563
-11,113,28.3400001525879,0.238208889961243
-10,113,28.3799991607666,0.122702658176422
-9,113,29.4200000762939,0.327654659748077
-7,113,28.7399997711182,0.272076964378357
-6,113,28.6599998474121,0.187935560941696
-5,113,29.1399993896484,0.328002899885178
-4,113,29.7099990844727,5.19047069549561
4,113,30.1999988555908,0.189151272177696
5,113,29.6199989318848,0.179940357804298
6,113,29.6499996185303,0.110978871583939
7,113,30.1499996185303,0.10145028680563
8,113,29.9899997711182,0.115869045257568
-14,114,28.0900001525879,0.177351415157318
-13,114,28.3599987030029,0.163283750414848
-12,114,28.1800003051758,0.161536514759064
-11,114,28.1800003051758,0.449174374341965
-10,114,28.3199996948242,0.246865600347519
-9,114,29.1999988555908,0.541892826557159
-7,114,28.939998626709,0.254857122898102
-6,114,29.0499992370605,0.240417584776878
-5,114,29.439998626709,0.604114174842834
-4,114,29.6399993896484,4.30140447616577
5,114,29.9099998474121,0.236593708395958
6,114,29.769998550415,0.0811641812324524
7,114,29.9699993133545,0.108257636427879
8,114,29.9200000762939,0.0931971296668053
-14,115,28.2099990844727,0.195266529917717
-13,115,28.1299991607666,0.19556736946106
-12,115,28.2799987792969,0.150371372699738
-11,115,28.4899997711182,0.491434007883072
-10,115,28.2999992370605,0.685360908508301
-9,115,28.4699993133545,0.322948932647705
-8,115,29.1199989318848,0.216976195573807
-7,115,28.6999988555908,0.272398620843887
-6,115,28.6499996185303,0.21203950047493
-5,115,29.189998626709,0.374984294176102
5,115,30.3999996185303,0.579107344150543
6,115,30.1199989318848,0.136879801750183
7,115,30.1199989318848,0.0955313816666603
8,115,29.8699989318848,0.0797029435634613
-14,116,27.9599990844727,0.17469297349453
-13,116,27.9200000762939,0.191228747367859
-12,116,27.9599990844727,0.167886555194855
-11,116,28.4200000762939,0.156113892793655
-10,116,28.2199993133545,0.641495048999786
-9,116,28.2399997711182,0.453610479831696
-8,116,28.8099994659424,0.1993468105793
-7,116,28.8899993896484,0.2103021889925
-6,116,28.75,0.251516401767731
-5,116,29.0999984741211,0.250063836574554
-4,116,29.3699989318848,0.272808730602264
6,116,30.4099998474121,0.293994098901749
7,116,30.2999992370605,0.174427345395088
8,116,30.0499992370605,0.102110400795937
-14,117,27.5499992370605,0.130490973591805
-13,117,27.6399993896484,0.161274939775467
-12,117,27.8400001525879,0.205746844410896
-11,117,28.4499988555908,0.192188993096352
-10,117,28.5100002288818,0.228497669100761
-8,117,29.0599994659424,0.234747916460037
-7,117,28.75,0.199841871857643
-6,117,28.939998626709,0.316310167312622
-5,117,29.2199993133545,0.258465081453323
-4,117,29.439998626709,0.232907891273499
-3,117,29.1099987030029,0.279617607593536
-2,117,29.5299987792969,0.640499711036682
7,117,29.939998626709,0.384756624698639
8,117,29.7099990844727,0.173918351531029
-14,118,27.519998550415,0.136964976787567
-13,118,27.8299999237061,0.198139250278473
-12,118,27.8099994659424,0.210118010640144
-11,118,27.9099998474121,0.218305051326752
-10,118,28.0100002288818,0.349424988031387
-9,118,28.8400001525879,0.258245915174484
-8,118,29.0100002288818,0.235517710447311
-7,118,28.4799995422363,0.273893058300018
-6,118,29.189998626709,0.234158873558044
-5,118,29.5900001525879,0.187934026122093
-4,118,29.5799999237061,0.201146215200424
-3,118,29.3899993896484,0.209223017096519
-2,118,29.5699996948242,0.169279783964157
-1,118,30.1399993896484,0.170299962162971
0,118,29.7899990081787,0.227811470627785
2,118,29.9899997711182,1.00436902046204
3,118,29.4200000762939,0.455354869365692
4,118,29.2899990081787,0.558890044689178
6,118,30.3199996948242,0.347025066614151
7,118,29.8400001525879,0.165283799171448
8,118,29.7199993133545,0.12164456397295
-14,119,27.4899997711182,0.154952824115753
-13,119,27.6499996185303,0.214270740747452
-12,119,27.9200000762939,0.205805197358131
-11,119,27.5599994659424,0.202782586216927
-10,119,28.5599994659424,0.531654179096222
-9,119,27.939998626709,0.816685795783997
-8,119,28.75,0.220324948430061
-7,119,28.269998550415,0.283191233873367
-6,119,28.5499992370605,0.820967018604279
-5,119,29.7199993133545,0.461857825517654
-4,119,29.3499984741211,0.498017340898514
-2,119,29.0999984741211,0.19944079220295
-1,119,29.8999996185303,0.158840417861938
0,119,29.6499996185303,0.12684540450573
1,119,29.8999996185303,0.141404211521149
2,119,30.1099987030029,0.103880181908607
3,119,30,0.100469939410686
4,119,29.8699989318848,0.219429731369019
5,119,29.3299999237061,0.310472130775452
6,119,30.3699989318848,0.164937198162079
7,119,29.3499984741211,0.128401085734367
8,119,29.4499988555908,0.130845785140991
-14,120,27.6099987030029,0.178296998143196
-13,120,27.7899990081787,0.238438099622726
-12,120,27.6099987030029,0.268946796655655
-11,120,27.7099990844727,0.301549792289734
-9,120,27.6299991607666,0.352200597524643
-8,120,28.9300003051758,0.206724837422371
-7,120,28.1999988555908,0.309969872236252
-6,120,27.7999992370605,0.491006046533585
0,120,29.6399993896484,0.202609583735466
1,120,29.769998550415,0.13181284070015
2,120,30.1499996185303,0.129115387797356
3,120,29.7799987792969,0.132667884230614
4,120,29.6399993896484,0.173817247152328
5,120,29.019998550415,0.39261582493782
6,120,29.6799983978271,0.280574679374695
7,120,29.7799987792969,0.134764119982719
8,120,29.1599998474121,0.132975563406944
-14,121,27.4899997711182,0.185022979974747
-13,121,27.8099994659424,0.257475018501282
-12,121,27.3400001525879,0.296942681074142
-11,121,27.6499996185303,0.29948228597641
-10,121,28.0900001525879,0.246759802103043
-9,121,27.6999988555908,0.288185387849808
-8,121,29.0599994659424,0.194171249866486
-7,121,28.5599994659424,0.250293970108032
-6,121,29.0499992370605,0.194193050265312
-5,121,29.2399997711182,0.45684278011322
-4,121,28.9899997711182,0.26872906088829
-3,121,28.7399997711182,1.22017621994019
-1,121,30.0399990081787,0.15606889128685
0,121,29.6399993896484,0.184085682034492
2,121,30.269998550415,0.126852408051491
3,121,29.8199996948242,0.135417699813843
4,121,29.8400001525879,0.153706848621368
5,121,29,0.204808250069618
6,121,28.8699989318848,0.640227973461151
7,121,29.6099987030029,0.168849915266037
8,121,29.4599990844727,0.153170228004456
-14,122,27.4599990844727,0.209489718079567
-13,122,27.5900001525879,0.25507840514183
-12,122,27.5999984741211,0.288268566131592
-11,122,27.6299991607666,0.265473246574402
-10,122,28.1299991607666,0.188455104827881
-9,122,28.5900001525879,0.200455993413925
-8,122,28.7999992370605,0.167819544672966
-7,122,28.3699989318848,0.284290283918381
-6,122,28.6999988555908,0.721489906311035
-5,122,28.8199996948242,1.82574665546417
-2,122,28.5100002288818,0.252953976392746
-1,122,30.0100002288818,0.160041436553001
0,122,29.6700000762939,0.157102584838867
1,122,30.1199989318848,0.13750921189785
2,122,29.8499984741211,0.101810276508331
3,122,29.6799983978271,0.101386800408363
4,122,29.4799995422363,0.122986026108265
5,122,29.5499992370605,0.147667720913887
6,122,29.0999984741211,0.202279284596443
8,122,29.4599990844727,0.219042405486107
-14,123,27.5699996948242,0.291362881660461
-13,123,27.4899997711182,0.340472549200058
-12,123,27.5799999237061,0.289497464895248
-11,123,27.3899993896484,0.491536200046539
-10,123,28.1399993896484,0.21734981238842
-9,123,28.2399997711182,0.388794749975204
-8,123,28.8899993896484,0.16915588080883
-7,123,28.1199989318848,0.24358856678009
-6,123,27.8899993896484,0.354856729507446
-5,123,28.1299991607666,0.168450430035591
-4,123,28.1700000762939,0.230109110474586
-3,123,28.1199989318848,0.206323653459549
-2,123,28.2099990844727,0.277096271514893
-1,123,29.0999984741211,0.170024216175079
0,123,29.3199996948242,0.153366640210152
1,123,30.0100002288818,0.146364077925682
2,123,29.9699993133545,0.109075181186199
3,123,29.9899997711182,0.122565768659115
4,123,29.8699989318848,0.0935197025537491
5,123,29.4699993133545,0.104770250618458
6,123,30.0499992370605,0.147999376058578
7,123,30.4899997711182,0.579101145267487
-14,124,27.6399993896484,0.42527511715889
-13,124,27.5,0.382658243179321
-12,124,27.6399993896484,0.322271257638931
-11,124,27.3799991607666,0.563438713550568
-9,124,27.9200000762939,0.484765142202377
-8,124,28.9099998474121,0.170672535896301
-7,124,28.1700000762939,0.203853264451027
-6,124,27.939998626709,0.182151943445206
-5,124,28.1800003051758,0.175186723470688
-4,124,28.0499992370605,0.195319190621376
-3,124,27.9599990844727,0.236344620585442
-2,124,28.3799991607666,0.172338202595711
-1,124,28.5999984741211,0.158715099096298
0,124,28.6499996185303,0.163891956210136
1,124,29.7099990844727,0.161589533090591
2,124,29.8699989318848,0.133834317326546
3,124,30.0599994659424,0.123044535517693
4,124,29.769998550415,0.0732182785868645
5,124,29.4200000762939,0.108867190778255
6,124,30.3099994659424,0.137524276971817
7,124,30.3799991607666,1.86583960056305
-14,125,27.5299987792969,0.647718667984009
-13,125,27.5299987792969,0.450687170028687
-12,125,27.6999988555908,0.405912935733795
-11,125,27.6999988555908,0.284384787082672
-10,125,27.5999984741211,0.430384367704391
-8,125,28.9899997711182,0.175545573234558
-7,125,28.3799991607666,0.226979076862335
-6,125,27.7899990081787,0.245851203799248
-5,125,27.8599987030029,0.386299312114716
-4,125,27.9799995422363,0.343217432498932
-3,125,28.4799995422363,0.229026287794113
-2,125,28.4499988555908,0.208333492279053
-1,125,29.0900001525879,0.167731493711472
0,125,28.6399993896484,0.142641380429268
1,125,28.5299987792969,0.174442946910858
2,125,28.8099994659424,0.201290488243103
3,125,29.4899997711182,0.127897515892982
4,125,29.769998550415,0.0716474428772926
5,125,29.4699993133545,0.0814338549971581
-14,126,26.4699993133545,1.3296457529068
-13,126,27.5799999237061,0.766046106815338
-12,126,27.8299999237061,0.613181233406067
-11,126,27.8199996948242,0.310669630765915
-10,126,27.439998626709,0.299224734306335
-8,126,28.1399993896484,0.212210461497307
-7,126,28.5499992370605,0.22629226744175
-6,126,27.5399990081787,0.407295107841492
-5,126,27.3099994659424,0.816404759883881
-4,126,27.0299987792969,1.01568758487701
-3,126,28.5100002288818,0.351414561271667
-2,126,28.3099994659424,0.317214608192444
-1,126,28.4499988555908,0.221958845853806
0,126,29.0599994659424,0.145680636167526
1,126,28.7399997711182,0.141430631279945
2,126,28.6800003051758,0.147198021411896
3,126,29.3299999237061,0.114204995334148
4,126,29.7199993133545,0.102593302726746
5,126,29.6199989318848,0.065835140645504
6,126,30,0.0725757479667664
-14,127,26.7600002288818,0.854079246520996
-13,127,27.6499996185303,0.715083122253418
-12,127,27.7299995422363,1.03951346874237
-11,127,27.8299999237061,0.443273901939392
-10,127,27.5799999237061,0.265555530786514
-9,127,27.4699993133545,0.420415371656418
-8,127,27.5100002288818,0.280233144760132
-7,127,27.9899997711182,0.296497792005539
-6,127,27.4300003051758,0.445229768753052
-5,127,27.269998550415,0.429193109273911
-4,127,26.9699993133545,0.483297228813171
-3,127,28.4699993133545,0.267582386732101
-2,127,28.3099994659424,0.321508705615997
-1,127,28.4300003051758,0.335065484046936
0,127,28.9899997711182,1.02861738204956
1,127,28.8400001525879,0.29358983039856
2,127,28.8199996948242,0.139530956745148
3,127,29.2799987792969,0.125548973679543
4,127,29.8599987030029,0.0826092660427094
5,127,29.6199989318848,0.0881568938493729
6,127,30.0599994659424,0.0524140372872353
7,127,30.2899990081787,0.0503301545977592
8,127,29.8799991607666,0.0498061850667
-14,128,27.3599987030029,0.67809784412384
-13,128,27.8899993896484,0.83066737651825
-12,128,27.8799991607666,0.782425940036774
-11,128,27.5599994659424,0.472042977809906
-10,128,27.5499992370605,0.314570069313049
-9,128,27.3400001525879,0.329686224460602
-8,128,27.4899997711182,0.31490620970726
-7,128,27.6199989318848,0.369905054569244
-6,128,27.6299991607666,0.386111557483673
-5,128,27.0900001525879,0.24150051176548
-4,128,26.8899993896484,0.480258584022522
-3,128,28.8199996948242,0.244603022933006
-2,128,28.7799987792969,0.256539106369019
-1,128,28.7999992370605,0.189934432506561
0,128,28.9200000762939,0.139007568359375
1,128,29.3599987030029,0.229501008987427
2,128,29.1299991607666,0.0932001993060112
3,128,29.269998550415,0.0730228573083878
4,128,29.5100002288818,0.0671679005026817
5,128,29.4499988555908,0.0866250172257423
6,128,29.9299983978271,0.103549443185329
7,128,30.0999984741211,0.0650777146220207
8,128,29.9899997711182,0.0580511018633842
-14,129,26.5699996948242,1.34654986858368
-13,129,27.8599987030029,0.679544925689697
-12,129,27.689998626709,0.841903805732727
-11,129,27.5399990081787,0.4980848133564
-10,129,27.5299987792969,0.401831299066544
-9,129,27.0999984741211,0.380472958087921
-8,129,27.3899993896484,0.361021280288696
-7,129,27.6800003051758,0.356587737798691
-6,129,27.6199989318848,0.346197068691254
-5,129,27.5499992370605,0.355353653430939
-4,129,27.1199989318848,0.638259708881378
-3,129,28.769998550415,0.368028044700623
-2,129,28.3299999237061,0.375941306352615
-1,129,28.8400001525879,0.232232004404068
0,129,28.8799991607666,0.109297581017017
1,129,29.2099990844727,0.0668662935495377
2,129,29.5,0.070953756570816
3,129,29.3199996948242,0.0781908631324768
4,129,29.1399993896484,0.0845032781362534
5,129,28.8400001525879,0.0692960768938065
6,129,29.7899990081787,0.107145667076111
7,129,29.9200000762939,0.0712883844971657
8,129,30.0799999237061,0.0556612238287926
-13,130,26.0799999237061,1.74156975746155
-12,130,27.3499984741211,1.55237281322479
-11,130,27.2999992370605,0.451066970825195
-10,130,26.9699993133545,0.556110560894012
-9,130,26.7899990081787,0.506839096546173
-8,130,27.5799999237061,0.393505722284317
-7,130,27.5999984741211,0.403362572193146
-6,130,27.2099990844727,0.447052031755447
-5,130,27.6499996185303,0.370696216821671
-4,130,27.0699996948242,0.246787875890732
-3,130,28.7299995422363,0.282819539308548
-1,130,28.6199989318848,0.306876122951508
0,130,29.2299995422363,0.0873347222805023
1,130,29.4699993133545,0.0659556463360786
2,130,29.3299999237061,0.0856033340096474
3,130,29.2999992370605,0.0734875649213791
4,130,29.1499996185303,0.0685722157359123
5,130,29.1099987030029,0.0778953805565834
6,130,29.5999984741211,0.107184953987598
7,130,29.9299983978271,0.0679422095417976
8,130,29.9899997711182,0.0639814883470535
-12,131,25.9499988555908,2.25048780441284
-11,131,26.939998626709,0.476614087820053
-10,131,27.0900001525879,0.481745451688766
-9,131,26.8899993896484,0.662758409976959
-8,131,27.2199993133545,0.623382270336151
-7,131,27.0299987792969,0.562407433986664
-6,131,26.769998550415,0.416900545358658
-5,131,27.5999984741211,0.460448265075684
-4,131,27.9899997711182,0.175894901156425
-3,131,28.6499996185303,1.48348557949066
-2,131,27.9099998474121,3.85991430282593
-1,131,29.5100002288818,0.179114699363708
0,131,29.689998626709,0.106123052537441
1,131,29.519998550415,0.0814341828227043
2,131,29.3999996185303,0.0989027842879295
3,131,29.3899993896484,0.0834702178835869
4,131,29.3299999237061,0.103396944701672
5,131,29.5,0.0815783888101578
6,131,29.5999984741211,0.077734500169754
7,131,29.689998626709,0.0742942839860916
8,131,30.1199989318848,0.0617113821208477
-12,132,26.269998550415,2.1804473400116
-11,132,26.8199996948242,0.682434618473053
-10,132,27.2799987792969,0.535226225852966
-9,132,27.4200000762939,0.605648338794708
-8,132,26.7199993133545,0.749285221099854
-7,132,26.5499992370605,0.651709973812103
-6,132,26.6599998474121,0.423560529947281
-5,132,27.4599990844727,0.543834447860718
-4,132,27.8099994659424,0.495782077312469
0,132,29.5399990081787,0.156780555844307
1,132,29.3699989318848,0.14345395565033
2,132,29.0900001525879,0.0929060429334641
3,132,29.3199996948242,0.10195355117321
4,132,29.1099987030029,0.0747695192694664
5,132,29.7899990081787,0.059427410364151
6,132,29.2799987792969,0.0708127841353416
7,132,28.8799991607666,0.0616560876369476
8,132,29.9599990844727,0.0560213215649128
-11,133,26.75,0.55859386920929
-10,133,27.0699996948242,0.455873161554337
-9,133,27.1199989318848,0.473561972379684
-8,133,27.0100002288818,2.00637435913086
-7,133,26.6499996185303,0.927564203739166
-6,133,27.0699996948242,0.535920917987823
-5,133,26.7199993133545,0.928579151630402
0,133,29.7099990844727,0.251200765371323
1,133,29.6599998474121,0.182614356279373
2,133,29.3999996185303,0.106927029788494
3,133,29.3099994659424,0.100205890834332
4,133,29.1299991607666,0.103471398353577
5,133,29.5399990081787,0.0730790644884109
6,133,29.0900001525879,0.0824115127325058
7,133,28.7899990081787,0.0673552453517914
8,133,29.3599987030029,0.0637748017907143
-12,134,25.9499988555908,0.840159952640533
-11,134,26.7399997711182,0.466246277093887
-10,134,26.7399997711182,0.631248354911804
-9,134,26.7600002288818,1.61577808856964
-8,134,26.6999988555908,1.97792160511017
-7,134,26.5699996948242,2.04087162017822
-6,134,26.8899993896484,1.0138156414032
-5,134,25.8699989318848,0.415628105401993
-4,134,26.5799999237061,0.420662641525269
-1,134,29.4299983978271,0.200384721159935
0,134,29.7399997711182,0.279847860336304
1,134,29.7999992370605,0.237996742129326
2,134,29.939998626709,0.113167241215706
3,134,29.8199996948242,0.0710426643490791
4,134,29.7099990844727,0.0882426351308823
5,134,29.769998550415,0.0846500098705292
6,134,29.5299987792969,0.0796274021267891
7,134,29.6099987030029,0.0974788665771484
8,134,29.9799995422363,0.0629267692565918
-12,135,25.8799991607666,0.838855624198914
-11,135,26.5100002288818,0.625463128089905
-10,135,26.3400001525879,0.938199937343597
-9,135,26.3199996948242,1.3307204246521
-8,135,26.4699993133545,1.82775342464447
-7,135,26.4300003051758,1.6575448513031
-6,135,26.2399997711182,0.736265182495117
-5,135,25.7399997711182,1.48049223423004
-3,135,28.8499984741211,0.354477047920227
-2,135,29.2199993133545,0.261589556932449
-1,135,29.439998626709,0.254773110151291
0,135,29.3099994659424,0.184242933988571
1,135,29.7299995422363,0.093770295381546
2,135,29.7999992370605,0.0848696231842041
3,135,29.939998626709,0.0602272041141987
4,135,29.689998626709,0.0589755661785603
5,135,29.8599987030029,0.0568984001874924
6,135,29.75,0.0582904443144798
7,135,29.9799995422363,0.087972529232502
8,135,30.1700000762939,0.0560481250286102
-14,136,24.1199989318848,1.15472614765167
-12,136,25.7299995422363,0.941052198410034
-11,136,25.7899990081787,0.686063408851624
-10,136,26.0399990081787,0.948316514492035
-9,136,26.5499992370605,1.46800172328949
-8,136,26.5999984741211,2.24006080627441
-7,136,26.25,1.24831008911133
-6,136,26.2799987792969,1.33928275108337
-5,136,26.3199996948242,2.98361301422119
-2,136,29.3599987030029,0.305118590593338
-1,136,29.5999984741211,0.186856478452682
0,136,29.3599987030029,0.175307705998421
1,136,29.8299999237061,0.0823258757591248
2,136,30.019998550415,0.0687931329011917
3,136,29.9099998474121,0.0538074634969234
4,136,29.4899997711182,0.055952113121748
5,136,29.8599987030029,0.0571520626544952
6,136,30.0999984741211,0.0584399402141571
7,136,29.9899997711182,0.0605391003191471
8,136,30.5299987792969,0.0506847240030766
-14,137,25.1800003051758,0.478243589401245
-13,137,25.9699993133545,0.447477161884308
-12,137,25.939998626709,0.498511880636215
-11,137,26.0299987792969,0.761822879314423
-10,137,26.1099987030029,0.898869216442108
-9,137,26.7299995422363,1.41995620727539
-8,137,26.7999992370605,2.38725638389587
-7,137,26.6599998474121,4.75186204910278
-6,137,26.189998626709,3.75833106040955
-2,137,29.25,0.771753311157227
-1,137,29.6199989318848,0.13255563378334
0,137,29.8799991607666,0.0914062485098839
1,137,29.5,0.0803502053022385
2,137,29.3499984741211,0.0656394436955452
3,137,29.4699993133545,0.0555096231400967
4,137,29.8400001525879,0.0713034048676491
5,137,29.6299991607666,0.0792974308133125
6,137,29.75,0.0835693404078484
7,137,29.75,0.0564341843128204
8,137,30.769998550415,0.0617059469223022
-14,138,26.25,0.368407636880875
-13,138,26.3299999237061,0.36784565448761
-12,138,26.4200000762939,0.500308811664581
-11,138,26.3199996948242,0.598600029945374
-10,138,26.6700000762939,0.601445138454437
-9,138,26.8899993896484,1.35671007633209
-7,138,26.9200000762939,3.12471580505371
-1,138,29.5699996948242,0.10734448581934
0,138,29.7999992370605,0.0797858089208603
1,138,29.3400001525879,0.0597880706191063
2,138,29.6099987030029,0.0519628785550594
3,138,29.5,0.0523329861462116
4,138,29.9299983978271,0.0719813853502274
5,138,29.6099987030029,0.0770444422960281
6,138,29.6299991607666,0.0634800866246223
7,138,29.9699993133545,0.053059846162796
8,138,30.8199996948242,0.0493958555161953
-14,139,26.3999996185303,0.462534785270691
-13,139,26.5399990081787,0.502893447875977
-12,139,26.6700000762939,0.50712126493454
-11,139,26.3999996185303,0.497801929712296
-10,139,26.8799991607666,0.473632603883743
-9,139,26.689998626709,1.77024722099304
-2,139,29.3299999237061,0.21832537651062
-1,139,29.439998626709,0.119605332612991
0,139,29.3099994659424,0.0804666727781296
1,139,28.8099994659424,0.0579147525131702
2,139,29.1199989318848,0.0475242100656033
3,139,29.439998626709,0.0471108369529247
4,139,29.5299987792969,0.0587624348700047
5,139,29.5999984741211,0.0699568688869476
6,139,29.8799991607666,0.0781797841191292
7,139,30.0799999237061,0.0678535103797913
8,139,30.4200000762939,0.0618538782000542
-14,140,26.6199989318848,0.499417454004288
-13,140,26.8799991607666,0.498931527137756
-12,140,26.8499984741211,0.550990104675293
-11,140,26.4300003051758,0.513696730136871
-10,140,26.4099998474121,0.512052655220032
-9,140,26.5299987792969,1.84293043613434
-2,140,29.1399993896484,0.152327477931976
-1,140,29.2399997711182,0.111843213438988
0,140,28.8400001525879,0.0698081403970718
1,140,28.4499988555908,0.0513468720018864
2,140,28.8199996948242,0.0490790493786335
3,140,29.5499992370605,0.0472430512309074
4,140,30.3899993896484,0.0537562891840935
5,140,29.7799987792969,0.0657268762588501
6,140,29.689998626709,0.0739689990878105
7,140,30.2600002288818,0.0699626505374908
8,140,30.4699993133545,0.0630204007029533
-14,141,25.2899990081787,1.4262660741806
-13,141,26.439998626709,1.08585143089294
-12,141,26.9200000762939,0.770125508308411
-11,141,25.8799991607666,0.503762781620026
-10,141,26.2600002288818,1.09231352806091
-2,141,29.4699993133545,0.118302375078201
-1,141,29.4899997711182,0.100150041282177
0,141,28.6700000762939,0.0780609175562859
1,141,28.3400001525879,0.0691992938518524
2,141,28.7899990081787,0.0515714809298515
3,141,29.439998626709,0.0413902625441551
4,141,29.1099987030029,0.0511822104454041
5,141,29.1499996185303,0.0672214776277542
6,141,29.5,0.0643442720174789
7,141,29.7600002288818,0.0538306012749672
8,141,29.519998550415,0.0489898957312107
-11,142,26.0100002288818,0.613824427127838
-10,142,26.5,1.30300223827362
-3,142,29.1700000762939,0.234144002199173
-2,142,29.5499992370605,0.131208822131157
-1,142,29.5999984741211,0.0729401186108589
0,142,29.1499996185303,0.0646516978740692
1,142,29.019998550415,0.0534191429615021
2,142,29.4099998474121,0.0472673140466213
3,142,29.0999984741211,0.0387428104877472
4,142,28.9200000762939,0.0504545047879219
5,142,29.689998626709,0.0606143735349178
6,142,29.7600002288818,0.050965677946806
7,142,29.939998626709,0.0491733737289906
8,142,29.8999996185303,0.0461226627230644
