"lat_bin","lon_bin","geartype","fishing_hours","sst","chlorophyll"
-10.01,136.75,"trawlers",7.79597222222222,26.0900001525879,0.321278142891511
-10,136.66,"trawlers",5.58930555555555,26.189998626709,0.902552287777265
-9.99,136.68,"trawlers",13.6958333333333,26.189998626709,0.902552287777265
-12.46,130.85,"drifting_longlines",0,28.3799991607666,1.08657073947015
-12.46,130.84,"drifting_longlines",0,28.3799991607666,1.08657073947015
-12.32,130.66,"drifting_longlines",0.211805555555556,28.3400001525879,1.08657073947015
-12.31,130.64,"drifting_longlines",0.233333333333333,28.3400001525879,1.08657073947015
-12.31,130.65,"drifting_longlines",0.84875,28.3400001525879,1.08657073947015
-12.3,130.63,"drifting_longlines",0.207638888888889,28.3400001525879,1.08657073947015
-12.3,130.64,"drifting_longlines",0.470277777777778,28.3400001525879,1.08657073947015
-12.3,130.62,"drifting_longlines",0,28.3400001525879,1.08657073947015
-12.29,130.61,"drifting_longlines",0.232361111111111,28.3400001525879,1.08657073947015
-12.29,130.62,"drifting_longlines",0.700555555555556,28.3400001525879,1.08657073947015
-12.29,130.63,"drifting_longlines",0.133472222222222,28.3400001525879,1.08657073947015
-12.28,130.59,"drifting_longlines",0,28.3400001525879,1.08657073947015
-12.28,130.61,"drifting_longlines",0.579861111111111,28.3400001525879,1.08657073947015
-12.28,130.58,"drifting_longlines",0,28.3400001525879,1.08657073947015
-12.28,130.6,"drifting_longlines",0.328333333333333,28.3400001525879,1.08657073947015
-12.27,130.56,"drifting_longlines",0.411805555555556,28.3400001525879,1.08657073947015
-12.27,130.57,"drifting_longlines",0.204305555555556,28.3400001525879,1.08657073947015
-12.27,130.6,"drifting_longlines",0.100277777777778,28.3400001525879,1.08657073947015
-12.27,130.54,"drifting_longlines",0.2775,28.3400001525879,1.08657073947015
-12.27,130.58,"drifting_longlines",0.635138888888889,28.3400001525879,1.08657073947015
-12.27,130.59,"drifting_longlines",0.457916666666667,28.3400001525879,1.08657073947015
-12.27,130.55,"drifting_longlines",0.631944444444444,28.3400001525879,1.08657073947015
-12.26,130.56,"drifting_longlines",0.470416666666667,28.3400001525879,1.08657073947015
-12.26,130.57,"drifting_longlines",0.676388888888889,28.3400001525879,1.08657073947015
-12.26,130.58,"drifting_longlines",0.330833333333333,28.3400001525879,1.08657073947015
-12.26,130.55,"drifting_longlines",0,28.3400001525879,1.08657073947015
-12.25,130.57,"drifting_longlines",0.112083333333333,27.9099998474121,1.08657073947015
-12.25,130.52,"drifting_longlines",0,27.9099998474121,1.08657073947015
-12.25,130.53,"drifting_longlines",0,27.9099998474121,1.08657073947015
-12.24,130.5,"drifting_longlines",0,27.9099998474121,1.08657073947015
-12.23,130.47,"drifting_longlines",0,27.8299999237061,1.08657073947015
-12.22,130.45,"drifting_longlines",0,27.8299999237061,1.08657073947015
-12.21,130.43,"drifting_longlines",0,27.8299999237061,1.08657073947015
-12.21,130.41,"drifting_longlines",0,27.8299999237061,1.08657073947015
-12.2,130.39,"drifting_longlines",0,27.8299999237061,1.08657073947015
-12.19,130.39,"drifting_longlines",0,27.8299999237061,1.08657073947015
-12.19,130.38,"drifting_longlines",0,27.8299999237061,1.08657073947015
-12.18,130.36,"drifting_longlines",0,27.8299999237061,1.08657073947015
-12.18,130.37,"drifting_longlines",0,27.8299999237061,1.08657073947015
-12.1,130.19,"drifting_longlines",0,27.8400001525879,1.08657073947015
-12.1,130.2,"drifting_longlines",0,27.8400001525879,1.08657073947015
-12.06,130.1,"drifting_longlines",0.410555555555556,27.8400001525879,1.08657073947015
-12.06,130.09,"drifting_longlines",0.353055555555556,27.8400001525879,1.08657073947015
-10.96,128.57,"drifting_longlines",7.98555555555556,28.3999996185303,0.231003386278947
-10.95,128.58,"drifting_longlines",3.13402777777778,28.3999996185303,0.231003386278947
-10.94,128.58,"drifting_longlines",0.199583333333333,28.3999996185303,0.231003386278947
-10.93,128.51,"drifting_longlines",3.33388888888889,28.3999996185303,0.231003386278947
-10.93,128.6,"drifting_longlines",5.63916666666667,28.3999996185303,0.231003386278947
-10.93,128.59,"drifting_longlines",0.216666666666667,28.3999996185303,0.231003386278947
-10.92,128.6,"drifting_longlines",0.308333333333333,28.3999996185303,0.231003386278947
-13.27,136.64,"trawlers",10.8516666666667,26.7099990844727,0.78883523458861
-13.26,136.65,"trawlers",9.75333333333333,26.7099990844727,0.78883523458861
-13.25,136.65,"trawlers",2.19277777777778,26.4899997711182,0.78883523458861
-13.23,136.69,"trawlers",10.5119444444444,26.4899997711182,0.78883523458861
-13.2,136.72,"trawlers",7.64402777777778,26.4899997711182,0.78883523458861
-13.19,136.72,"trawlers",1.11569444444444,26.4899997711182,0.78883523458861
-13.18,136.72,"trawlers",0.150138888888889,26.4899997711182,0.78883523458861
-13.17,136.73,"trawlers",0.179583333333333,26.4899997711182,0.78883523458861
-13.16,136.73,"trawlers",5.37125,26.4899997711182,0.78883523458861
-13.14,136.74,"trawlers",0.588055555555556,26.4899997711182,0.78883523458861
1.21,103.8,"drifting_longlines",0,NA,NA
1.22,103.88,"drifting_longlines",0,NA,NA
1.24,103.78,"drifting_longlines",0,NA,NA
1.25,103.77,"drifting_longlines",0,NA,NA
1.26,103.76,"drifting_longlines",0,NA,NA
1.27,103.74,"drifting_longlines",0,NA,NA
1.29,103.72,"drifting_longlines",0,NA,NA
1.29,103.73,"drifting_longlines",0,NA,NA
1.3,103.72,"drifting_longlines",0,NA,NA
-7.68,136.8,"trawlers",0,26.3400001525879,2.93452532291412
-7.68,137.27,"trawlers",0,26.6999988555908,2.63434800115256
-7.68,135.58,"trawlers",0,26.4499988555908,0.566067061902303
-7.6,136.93,"trawlers",0,26.3400001525879,2.93452532291412
-7.6,136.92,"trawlers",0,26.3400001525879,2.93452532291412
-7.48,135.17,"trawlers",0,26.6099987030029,0.566067061902303
-7.33,134.83,"trawlers",0,26.5900001525879,1.124409789601
-7.19,134.51,"trawlers",0,26.5999984741211,1.124409789601
-7.19,134.52,"trawlers",0,26.5999984741211,1.124409789601
-6.98,134.14,"trawlers",0,26.7099990844727,2.79416087040534
-6.97,134.13,"trawlers",0,26.7099990844727,2.79416087040534
-6.82,133.91,"trawlers",0,26.6299991607666,0.643496022028949
-6.61,133.61,"trawlers",0,26.8199996948242,0.643496022028949
-8.27,136.7,"trawlers",5.84527777777778,26.5100002288818,2.64762337204193
-8.26,136.69,"trawlers",2.80694444444444,26.5100002288818,2.64762337204193
-8.26,136.7,"trawlers",0.0793055555555556,26.5100002288818,2.64762337204193
-8.22,136.64,"trawlers",3.72347222222222,26.6800003051758,2.64762337204193
-8.21,136.71,"trawlers",22.4311111111111,26.6800003051758,2.64762337204193
-8.17,136.72,"trawlers",0,26.6800003051758,2.64762337204193
-8.15,136.67,"trawlers",1.86208333333333,26.6800003051758,2.64762337204193
-8.13,136.72,"trawlers",0,26.6800003051758,2.64762337204193
-8.12,136.72,"trawlers",0,26.6800003051758,2.64762337204193
-8.11,136.96,"trawlers",0,26.7899990081787,2.64762337204193
-8.07,136.89,"trawlers",5.12402777777778,26.7899990081787,2.64762337204193
-8.05,136.72,"trawlers",0,26.6800003051758,2.64762337204193
-8.04,136.72,"trawlers",0,26.6800003051758,2.64762337204193
-8.03,136.9,"trawlers",2.68708333333333,26.7899990081787,2.64762337204193
-8,136.93,"trawlers",0.97125,26.6800003051758,2.93452532291412
-7.99,136.93,"trawlers",0.351111111111111,26.6800003051758,2.93452532291412
-7.99,136.27,"trawlers",0,26.3599987030029,2.93452532291412
-7.97,137.01,"trawlers",0.930555555555556,26.8699989318848,2.63434800115256
-7.97,136.93,"trawlers",0.935138888888889,26.6800003051758,2.93452532291412
-7.96,137.01,"trawlers",0.304444444444444,26.8699989318848,2.63434800115256
-7.94,137.04,"trawlers",1.41458333333333,26.8699989318848,2.63434800115256
-7.9,136.93,"trawlers",1.30986111111111,26.6800003051758,2.93452532291412
-7.9,136.9,"trawlers",2.09486111111111,26.6800003051758,2.93452532291412
-7.87,137.03,"trawlers",1.18097222222222,26.8699989318848,2.63434800115256
-7.87,136.9,"trawlers",0.942916666666667,26.6800003051758,2.93452532291412
-7.86,137.03,"trawlers",0.371666666666667,26.8699989318848,2.63434800115256
-7.86,136.72,"trawlers",0,26.5100002288818,2.93452532291412
-7.83,137.01,"trawlers",5.42847222222222,26.8699989318848,2.63434800115256
-7.8,137.14,"trawlers",0,26.8699989318848,2.63434800115256
-7.74,137.12,"trawlers",0,26.4699993133545,2.63434800115256
-7.74,137.05,"trawlers",0,26.4699993133545,2.63434800115256
-7.74,135.71,"trawlers",0,26.4499988555908,0.566067061902303
-7.73,137.19,"trawlers",0,26.4699993133545,2.63434800115256
-7.73,136.67,"trawlers",0,26.2299995422363,2.93452532291412
-7.73,136.79,"trawlers",0,26.3400001525879,2.93452532291412
-7.73,137.16,"trawlers",0,26.4699993133545,2.63434800115256
-7.72,136.82,"trawlers",0,26.3400001525879,2.93452532291412
-7.72,137.24,"squid_jigger",23.8233333333333,26.4699993133545,2.63434800115256
-7.72,137.24,"trawlers",0,26.4699993133545,2.63434800115256
-7.71,136.65,"trawlers",9.34986111111111,26.2299995422363,2.93452532291412
-7.69,136.56,"trawlers",0,26.2299995422363,2.93452532291412
1.23,103.8,"purse_seines",0,NA,NA
1.24,103.9,"purse_seines",0,NA,NA
1.24,103.78,"purse_seines",0,NA,NA
1.26,103.76,"purse_seines",0,NA,NA
1.26,103.94,"purse_seines",0,NA,NA
1.27,103.99,"purse_seines",0,NA,NA
1.28,103.74,"purse_seines",0,NA,NA
1.29,103.67,"purse_seines",0,NA,NA
1.29,103.74,"purse_seines",0,NA,NA
1.29,103.65,"purse_seines",0,NA,NA
1.29,103.75,"purse_seines",0,NA,NA
1.29,103.73,"purse_seines",0,NA,NA
1.29,103.72,"purse_seines",0,NA,NA
1.3,103.75,"purse_seines",0,NA,NA
1.3,103.72,"purse_seines",0,NA,NA
1.3,103.71,"purse_seines",0,NA,NA
-7.21,112.71,"drifting_longlines",0,NA,3.11905751625697
-7.2,112.73,"drifting_longlines",0,NA,3.11905751625697
-7.2,112.71,"drifting_longlines",0,NA,3.11905751625697
-7.2,112.72,"drifting_longlines",0,NA,3.11905751625697
-7.19,112.69,"drifting_longlines",0,NA,3.11905751625697
-7.16,112.66,"drifting_longlines",0,NA,3.11905751625697
-7.04,112.67,"drifting_longlines",0,NA,3.11905751625697
-7,112.69,"drifting_longlines",0,29.1700000762939,0.395769113800533
-6.99,112.69,"drifting_longlines",0,29.1700000762939,0.395769113800533
-6.94,112.71,"drifting_longlines",0,29.1700000762939,0.395769113800533
-6.83,112.78,"drifting_longlines",0,29.1299991607666,0.395769113800533
-6.78,112.79,"drifting_longlines",0,29.1299991607666,0.395769113800533
-6.78,112.86,"drifting_longlines",0,29.1299991607666,0.395769113800533
-6.78,112.87,"drifting_longlines",0,29.1299991607666,0.395769113800533
-6.78,112.83,"drifting_longlines",0,29.1299991607666,0.395769113800533
-6.77,112.83,"drifting_longlines",0,29.1299991607666,0.395769113800533
-6.72,112.75,"drifting_longlines",0,29.0299987792969,0.395769113800533
-6.68,112.7,"drifting_longlines",0,29.019998550415,0.395769113800533
1.18,103.98,"trawlers",0,NA,NA
1.23,103.79,"purse_seines",0,NA,NA
1.24,103.78,"purse_seines",0,NA,NA
1.25,103.78,"purse_seines",0,NA,NA
1.25,103.76,"purse_seines",0,NA,NA
1.26,103.94,"purse_seines",0,NA,NA
1.26,103.75,"purse_seines",0,NA,NA
1.26,103.76,"purse_seines",0,NA,NA
1.27,103.74,"purse_seines",0,NA,NA
1.27,103.75,"purse_seines",0,NA,NA
1.28,103.73,"purse_seines",0,NA,NA
1.28,103.74,"purse_seines",0,NA,NA
1.29,103.72,"purse_seines",0,NA,NA
1.29,103.73,"purse_seines",0,NA,NA
1.3,103.72,"purse_seines",0,NA,NA
-6.06,107.99,"trawlers",2.42069444444444,28.8999996185303,0.574946186759255
-6.05,107.99,"trawlers",1.59875,28.8999996185303,0.574946186759255
-6.02,107.95,"trawlers",3.14236111111111,28.8999996185303,0.574946186759255
-6,107.88,"trawlers",6.27694444444444,28.9599990844727,0.405268648300659
1.69,101.47,"other_fishing",0,NA,6.27816915512085
-5.93,107.82,"trawlers",2.90583333333333,28.9599990844727,0.405268648300659
-8.48,140.38,"drifting_longlines",0,NA,0.586475014686584
-5.89,107.49,"trawlers",5.66111111111111,28.9799995422363,0.405268648300659
-3.32,116.1,"drifting_longlines",0,NA,0.7501012620173
-5.81,107.6,"trawlers",1.23625,28.939998626709,0.405268648300659
-5.8,107.59,"trawlers",0.160972222222222,28.939998626709,0.405268648300659
-5.79,107.59,"trawlers",0.848611111111111,28.939998626709,0.405268648300659
-5.73,122.44,"trawlers",0,28.4699993133545,0.287359516113853
-5.73,122.34,"trawlers",0,28.4699993133545,0.287359516113853
-5.73,122.5,"trawlers",0,NA,0.287359516113853
-5.73,122.35,"trawlers",0,28.4699993133545,0.287359516113853
-5.73,122.37,"trawlers",0,28.4699993133545,0.287359516113853
-5.73,122.39,"trawlers",0,28.4699993133545,0.287359516113853
-5.72,121.33,"trawlers",0,28.689998626709,0.180797043968649
-5.72,121.53,"trawlers",0,28.4799995422363,0.180797043968649
-5.72,122.26,"trawlers",0,28.4699993133545,0.287359516113853
-5.72,121.37,"trawlers",0,28.689998626709,0.180797043968649
-5.72,121.45,"trawlers",0,28.689998626709,0.180797043968649
-5.72,121.51,"trawlers",0,28.4799995422363,0.180797043968649
-5.72,121.47,"trawlers",0,28.689998626709,0.180797043968649
-5.71,121.13,"trawlers",0,28.8599987030029,0.180797043968649
-5.71,121.23,"trawlers",0,28.8599987030029,0.180797043968649
-5.71,121.29,"trawlers",0,28.689998626709,0.180797043968649
-10.24,87.59,"drifting_longlines",0,27.5499992370605,0.100210090321076
-10.24,93.67,"drifting_longlines",0.154166666666667,27.439998626709,0.118239036723971
-10.24,87.6,"drifting_longlines",0,27.5499992370605,0.100210090321076
-10.24,92.96,"drifting_longlines",0,27.9599990844727,0.108528019487858
-10.24,87.58,"drifting_longlines",0,27.5499992370605,0.100210090321076
-10.23,93.67,"drifting_longlines",0.242361111111111,27.439998626709,0.118239036723971
-10.22,93.68,"drifting_longlines",0.247222222222222,27.439998626709,0.118239036723971
-10.21,93.69,"drifting_longlines",0.175694444444444,27.439998626709,0.118239036723971
-10.2,93.7,"drifting_longlines",0.261111111111111,27.439998626709,0.118239036723971
-10.19,93.72,"drifting_longlines",1.06208333333333,27.439998626709,0.118239036723971
-10.19,93.71,"drifting_longlines",0.222083333333333,27.439998626709,0.118239036723971
-10.17,92.84,"drifting_longlines",0.344722222222222,27.9599990844727,0.108528019487858
-10.17,92.97,"drifting_longlines",0,27.9599990844727,0.108528019487858
-10.17,88.14,"drifting_longlines",0,27.4200000762939,0.0949679031833872
-10.16,92.87,"drifting_longlines",0.341666666666667,27.9599990844727,0.108528019487858
-10.16,92.86,"drifting_longlines",0.661111111111111,27.9599990844727,0.108528019487858
-10.16,92.97,"drifting_longlines",0,27.9599990844727,0.108528019487858
-10.16,92.85,"drifting_longlines",1.04013888888889,27.9599990844727,0.108528019487858
-10.15,92.97,"drifting_longlines",0.131944444444444,27.9599990844727,0.108528019487858
-10.15,92.88,"drifting_longlines",1.20805555555556,27.9599990844727,0.108528019487858
-10.15,92.89,"drifting_longlines",2.67652777777778,27.9599990844727,0.108528019487858
-10.14,92.92,"drifting_longlines",0,27.9599990844727,0.108528019487858
-10.13,93.78,"drifting_longlines",2.56263888888889,27.3400001525879,0.118239036723971
-10.12,92.94,"drifting_longlines",0,27.9599990844727,0.108528019487858
-10.12,92.97,"drifting_longlines",0.108333333333333,27.9599990844727,0.108528019487858
-10.11,88.51,"drifting_longlines",0,27.5799999237061,0.0949679031833872
-10.11,92.97,"drifting_longlines",0.0581944444444444,27.9599990844727,0.108528019487858
-10.11,92.95,"drifting_longlines",0,27.9599990844727,0.108528019487858
-10.11,92.96,"drifting_longlines",2.79458333333333,27.9599990844727,0.108528019487858
-10.1,92.97,"drifting_longlines",0.193055555555556,27.9599990844727,0.108528019487858
-10.1,92.96,"drifting_longlines",0.284722222222222,27.9599990844727,0.108528019487858
-10.09,88.63,"drifting_longlines",0,27.5799999237061,0.0949679031833872
-10.08,88.66,"drifting_longlines",0,27.5799999237061,0.0949679031833872
-10.07,88.72,"drifting_longlines",0,27.5799999237061,0.0949679031833872
-10.07,88.71,"drifting_longlines",0,27.5799999237061,0.0949679031833872
-10.06,88.79,"drifting_longlines",0.130416666666667,27.5999984741211,0.0949679031833872
-10.06,88.78,"drifting_longlines",0,27.5999984741211,0.0949679031833872
-10.06,88.77,"drifting_longlines",0,27.5999984741211,0.0949679031833872
-10.05,88.83,"drifting_longlines",0,27.5999984741211,0.0949679031833872
-10.05,88.82,"drifting_longlines",0,27.5999984741211,0.0949679031833872
-10.04,88.88,"drifting_longlines",0,27.5999984741211,0.0949679031833872
-10.03,88.94,"drifting_longlines",0,27.5999984741211,0.0949679031833872
-10.03,88.93,"drifting_longlines",0,27.5999984741211,0.0949679031833872
-10.03,88.92,"drifting_longlines",0.0444444444444444,27.5999984741211,0.0949679031833872
-10.02,89,"drifting_longlines",0,27.4699993133545,0.097593465667279
-10.01,110.06,"drifting_longlines",0,26.8099994659424,0.231196452254855
-10.01,89.06,"drifting_longlines",0,27.4699993133545,0.097593465667279
-10,93.9,"drifting_longlines",1.59069444444444,27.189998626709,0.114057221987718
-10,89.07,"drifting_longlines",0,27.4899997711182,0.0978675076836034
-12.55,95.78,"drifting_longlines",0,27,0.132739200251889
-9.99,89.11,"drifting_longlines",0,27.4899997711182,0.0978675076836034
-9.99,89.13,"drifting_longlines",0,27.4899997711182,0.0978675076836034
-9.99,93.9,"drifting_longlines",0.165138888888889,27.189998626709,0.114057221987718
-9.99,89.12,"drifting_longlines",0,27.4899997711182,0.0978675076836034
-9.98,93.91,"drifting_longlines",0.166805555555556,27.189998626709,0.114057221987718
-9.98,109.78,"drifting_longlines",0,26.7799987792969,0.141384431677407
-9.98,89.18,"drifting_longlines",0,27.4899997711182,0.0978675076836034
-9.98,93.92,"drifting_longlines",0.00972222222222222,27.189998626709,0.114057221987718
-9.97,109.67,"drifting_longlines",0,26.6800003051758,0.141384431677407
-9.97,109.64,"drifting_longlines",0,26.6800003051758,0.141384431677407
-9.97,89.23,"drifting_longlines",0,27.4899997711182,0.0978675076836034
-9.97,89.21,"drifting_longlines",0,27.4899997711182,0.0978675076836034
-9.97,93.92,"drifting_longlines",0.160833333333333,27.189998626709,0.114057221987718
-9.96,109.57,"drifting_longlines",0,26.6800003051758,0.141384431677407
-9.96,93.93,"drifting_longlines",0.172361111111111,27.189998626709,0.114057221987718
-9.95,89.31,"drifting_longlines",0,27.3899993896484,0.0978675076836034
-9.95,93.93,"drifting_longlines",0.205138888888889,27.189998626709,0.114057221987718
-9.94,93.94,"drifting_longlines",0.256111111111111,27.189998626709,0.114057221987718
-9.94,109.43,"drifting_longlines",0,26.6099987030029,0.141384431677407
-9.94,109.42,"drifting_longlines",0,26.6099987030029,0.141384431677407
-9.93,93.94,"drifting_longlines",0.257361111111111,27.189998626709,0.114057221987718
-9.92,109.16,"drifting_longlines",0,26.5999984741211,0.141384431677407
-9.91,93.95,"drifting_longlines",0.445833333333333,27.189998626709,0.114057221987718
-9.89,93.96,"drifting_longlines",0.341388888888889,27.189998626709,0.114057221987718
-9.87,93.97,"drifting_longlines",0.19,27.189998626709,0.114057221987718
-9.87,93.98,"drifting_longlines",0.0623611111111111,27.189998626709,0.114057221987718
-9.86,93.98,"drifting_longlines",0.484861111111111,27.189998626709,0.114057221987718
-9.81,108.13,"drifting_longlines",0,26.5699996948242,0.143042490889989
-9.81,94,"drifting_longlines",1.97097222222222,27.1800003051758,0.121558994012341
-9.8,108.05,"drifting_longlines",0,26.5699996948242,0.143042490889989
-9.8,108.04,"drifting_longlines",0,26.5699996948242,0.143042490889989
-9.8,108.03,"drifting_longlines",0,26.5699996948242,0.143042490889989
-9.8,112.45,"drifting_longlines",0,26.75,0.354472440929667
-9.79,107.98,"drifting_longlines",0,26.519998550415,0.15505482632072
-9.79,107.99,"drifting_longlines",0,26.519998550415,0.15505482632072
-9.78,107.91,"drifting_longlines",0,26.519998550415,0.15505482632072
-9.78,107.84,"drifting_longlines",0,26.519998550415,0.15505482632072
-9.78,107.86,"drifting_longlines",0,26.519998550415,0.15505482632072
-9.78,107.87,"drifting_longlines",0,26.519998550415,0.15505482632072
-9.77,107.77,"drifting_longlines",0,26.519998550415,0.15505482632072
-9.76,112.57,"drifting_longlines",0,26.6499996185303,0.354472440929667
-9.76,107.7,"drifting_longlines",0,26.4899997711182,0.15505482632072
-9.75,94.01,"drifting_longlines",5.42083333333333,27.0399990081787,0.121558994012341
-9.74,112.64,"drifting_longlines",0,26.6800003051758,0.354472440929667
-9.72,112.7,"drifting_longlines",0,26.6800003051758,0.354472440929667
-12.25,89.55,"drifting_longlines",0.371111111111111,27.6999988555908,0.0937313625183185
-12.25,89.51,"drifting_longlines",0.321944444444444,27.6999988555908,0.0937313625183185
-12.25,89.56,"drifting_longlines",0.255555555555556,27.6999988555908,0.0937313625183185
-12.25,89.43,"drifting_longlines",0.3275,27.5599994659424,0.0937313625183185
-12.25,108.81,"drifting_longlines",0,26.1099987030029,0.154117919328645
-12.25,89.46,"drifting_longlines",0.114027777777778,27.5599994659424,0.0937313625183185
-12.25,89.47,"drifting_longlines",0.147083333333333,27.5599994659424,0.0937313625183185
-12.25,89.45,"drifting_longlines",0.183333333333333,27.5599994659424,0.0937313625183185
-12.25,89.49,"drifting_longlines",0.170972222222222,27.5599994659424,0.0937313625183185
-12.25,89.41,"drifting_longlines",0.31,27.5599994659424,0.0937313625183185
-12.25,89.48,"drifting_longlines",0.15,27.5599994659424,0.0937313625183185
-12.24,89.3,"drifting_longlines",1.22527777777778,27.5599994659424,0.0937313625183185
-12.24,89.36,"drifting_longlines",0.410972222222222,27.5599994659424,0.0937313625183185
-12.24,89.19,"drifting_longlines",2.14847222222222,27.4499988555908,0.0937313625183185
-12.24,89.38,"drifting_longlines",0.2025,27.5599994659424,0.0937313625183185
-12.24,89.34,"drifting_longlines",0.482083333333333,27.5599994659424,0.0937313625183185
-12.24,89.53,"drifting_longlines",0.348472222222222,27.6999988555908,0.0937313625183185
-12.24,89.39,"drifting_longlines",0.172361111111111,27.5599994659424,0.0937313625183185
-12.23,89.55,"drifting_longlines",0.162638888888889,27.6999988555908,0.0937313625183185
-9.67,112.85,"drifting_longlines",0,26.5100002288818,0.354472440929667
-12.22,89.55,"drifting_longlines",4.62361111111111,27.6999988555908,0.0937313625183185
-9.65,112.91,"drifting_longlines",0,26.5100002288818,0.354472440929667
-9.64,112.95,"drifting_longlines",0,26.5100002288818,0.354472440929667
-9.63,112.97,"drifting_longlines",0,26.5100002288818,0.354472440929667
-9.61,113.03,"drifting_longlines",0,26.4099998474121,0.647980721464948
-9.59,113.08,"drifting_longlines",0,26.4099998474121,0.647980721464948
-9.59,113.09,"drifting_longlines",0,26.4099998474121,0.647980721464948
-9.58,113.11,"drifting_longlines",0,26.4099998474121,0.647980721464948
-12.13,89.05,"drifting_longlines",1.54416666666667,27.4499988555908,0.0937313625183185
-12.12,109.07,"drifting_longlines",0,26.1599998474121,0.160280190433833
-9.54,113.24,"drifting_longlines",0,26.4099998474121,0.647980721464948
-12.09,89.03,"drifting_longlines",0.337638888888889,27.4499988555908,0.0937313625183185
-12.08,89.03,"drifting_longlines",0.157083333333333,27.4499988555908,0.0937313625183185
-9.51,113.33,"drifting_longlines",0,26.439998626709,0.647980721464948
-12.06,89.02,"drifting_longlines",0.149861111111111,27.4499988555908,0.0937313625183185
-12.06,89.01,"drifting_longlines",0.0711111111111111,27.4499988555908,0.0937313625183185
-12.05,89.01,"drifting_longlines",0.0931944444444444,27.4499988555908,0.0937313625183185
-12.04,92.45,"drifting_longlines",0.294444444444444,28.019998550415,0.0972721508958123
-12.04,92.49,"drifting_longlines",4.14083333333333,28.019998550415,0.0972721508958123
-12.04,92.47,"drifting_longlines",0.342916666666667,28.019998550415,0.0972721508958123
-12.04,89.01,"drifting_longlines",0.115,27.4499988555908,0.0937313625183185
-12.04,92.43,"drifting_longlines",0.159722222222222,28.019998550415,0.0972721508958123
-12.03,92.41,"drifting_longlines",0.187361111111111,28.019998550415,0.0972721508958123
-12.03,92.32,"drifting_longlines",0.205416666666667,28.019998550415,0.0972721508958123
-12.03,92.33,"drifting_longlines",0.197222222222222,28.019998550415,0.0972721508958123
-12.03,89,"drifting_longlines",0.12375,27.4499988555908,0.0937313625183185
-12.03,89.71,"drifting_longlines",0,27.6999988555908,0.0937313625183185
-12.03,92.39,"drifting_longlines",0.124861111111111,28.019998550415,0.0972721508958123
-12.03,92.3,"drifting_longlines",0.173333333333333,28.019998550415,0.0972721508958123
-12.03,92.4,"drifting_longlines",0.159722222222222,28.019998550415,0.0972721508958123
-12.03,92.29,"drifting_longlines",0.183472222222222,28.019998550415,0.0972721508958123
-12.03,92.37,"drifting_longlines",0.182083333333333,28.019998550415,0.0972721508958123
-12.03,92.43,"drifting_longlines",0.151944444444444,28.019998550415,0.0972721508958123
-12.03,92.35,"drifting_longlines",0.243055555555556,28.019998550415,0.0972721508958123
-12.03,92.38,"drifting_longlines",0.125,28.019998550415,0.0972721508958123
-12.03,90.1,"drifting_longlines",0,27.8099994659424,0.099015727852072
-12.02,92.19,"drifting_longlines",1.09291666666667,27.8599987030029,0.0972721508958123
-12.02,92.27,"drifting_longlines",0.235138888888889,28.019998550415,0.0972721508958123
-12.02,92.25,"drifting_longlines",0.118055555555556,28.019998550415,0.0972721508958123
-12.02,92.22,"drifting_longlines",0.375,27.8599987030029,0.0972721508958123
-12.02,89,"drifting_longlines",0.116527777777778,27.4499988555908,0.0937313625183185
-12.02,92.24,"drifting_longlines",0.204166666666667,27.8599987030029,0.0972721508958123
-12.02,92.26,"drifting_longlines",0.126388888888889,28.019998550415,0.0972721508958123
-12.01,89,"drifting_longlines",0.137361111111111,27.4499988555908,0.0937313625183185
-12,89,"drifting_longlines",0.302638888888889,27.519998550415,0.0940876613462591
-12,92.07,"drifting_longlines",2.39152777777778,27.8599987030029,0.110725403113185
-11.99,91.79,"drifting_longlines",0.178333333333333,27.6399993896484,0.102866068996232
-11.99,91.77,"drifting_longlines",0.144583333333333,27.6399993896484,0.102866068996232
-11.99,91.82,"drifting_longlines",0.215972222222222,27.6399993896484,0.102866068996232
-11.99,91.75,"drifting_longlines",0.140138888888889,27.6399993896484,0.102866068996232
-11.99,91.73,"drifting_longlines",0.284305555555556,27.3899993896484,0.102866068996232
-11.99,91.78,"drifting_longlines",0.09375,27.6399993896484,0.102866068996232
-11.99,91.8,"drifting_longlines",0.139027777777778,27.6399993896484,0.102866068996232
-11.99,91.83,"drifting_longlines",1.52444444444444,27.6399993896484,0.102866068996232
-11.99,91.76,"drifting_longlines",0.133194444444444,27.6399993896484,0.102866068996232
-11.99,91.74,"drifting_longlines",0.0890277777777778,27.3899993896484,0.102866068996232
-11.98,91.67,"drifting_longlines",0.0929166666666667,27.3899993896484,0.102866068996232
-11.98,91.66,"drifting_longlines",0.209305555555556,27.3899993896484,0.102866068996232
-11.98,91.68,"drifting_longlines",0.107777777777778,27.3899993896484,0.102866068996232
-11.98,91.69,"drifting_longlines",0.146111111111111,27.3899993896484,0.102866068996232
-11.98,91.7,"drifting_longlines",0.262777777777778,27.3899993896484,0.102866068996232
-11.97,90.56,"drifting_longlines",0.260694444444444,27.3499984741211,0.11499735960071
-11.97,91.64,"drifting_longlines",0.215,27.3899993896484,0.102866068996232
-11.97,90.35,"drifting_longlines",2.62111111111111,27.6999988555908,0.11499735960071
-11.97,88.98,"drifting_longlines",0.316666666666667,27.3799991607666,0.0923057927227602
-11.97,90.53,"drifting_longlines",1.26569444444444,27.3499984741211,0.11499735960071
-11.97,91.63,"drifting_longlines",0.924861111111111,27.3899993896484,0.102866068996232
-11.97,109.35,"drifting_longlines",0,26.3299999237061,0.148202519774844
-11.97,90.58,"drifting_longlines",0.180277777777778,27.3499984741211,0.11499735960071
-11.96,90.61,"drifting_longlines",0.347083333333333,27.3499984741211,0.11499735960071
-11.96,90.66,"drifting_longlines",0.164027777777778,27.3499984741211,0.11499735960071
-11.96,90.7,"drifting_longlines",0.149583333333333,27.3499984741211,0.11499735960071
-11.96,90.68,"drifting_longlines",0.293333333333333,27.3499984741211,0.11499735960071
-11.96,90.64,"drifting_longlines",0.17375,27.3499984741211,0.11499735960071
-11.96,90.69,"drifting_longlines",0.141527777777778,27.3499984741211,0.11499735960071
-11.96,90.59,"drifting_longlines",0.247916666666667,27.3499984741211,0.11499735960071
-11.96,90.63,"drifting_longlines",0.17375,27.3499984741211,0.11499735960071
-11.96,88.98,"drifting_longlines",0.194722222222222,27.3799991607666,0.0923057927227602
-11.96,90.65,"drifting_longlines",0.142777777777778,27.3499984741211,0.11499735960071
-11.96,91.61,"drifting_longlines",5.14236111111111,27.3899993896484,0.102866068996232
-11.95,90.78,"drifting_longlines",0.304305555555556,27.2099990844727,0.11499735960071
-11.95,90.83,"drifting_longlines",3.79041666666667,27.2099990844727,0.11499735960071
-11.95,90.75,"drifting_longlines",0.134722222222222,27.2099990844727,0.11499735960071
-11.95,90.73,"drifting_longlines",0.170833333333333,27.3499984741211,0.11499735960071
-11.95,90.72,"drifting_longlines",0.194583333333333,27.3499984741211,0.11499735960071
-11.95,90.76,"drifting_longlines",0.16375,27.2099990844727,0.11499735960071
-11.95,90.8,"drifting_longlines",0.2875,27.2099990844727,0.11499735960071
-11.95,93.2,"drifting_longlines",0.375,27.7399997711182,0.113579147391849
-11.95,90.71,"drifting_longlines",0.159861111111111,27.3499984741211,0.11499735960071
-11.95,90.82,"drifting_longlines",0.279166666666667,27.2099990844727,0.11499735960071
-11.95,88.97,"drifting_longlines",0.255694444444444,27.3799991607666,0.0923057927227602
-11.94,95.15,"drifting_longlines",0,27.1399993896484,0.139476206003283
-11.94,93.2,"drifting_longlines",0.147083333333333,27.7399997711182,0.113579147391849
-11.94,91.6,"drifting_longlines",2.00138888888889,27.3899993896484,0.102866068996232
-11.93,93.2,"drifting_longlines",0.37625,27.7399997711182,0.113579147391849
-11.93,88.96,"drifting_longlines",0.313611111111111,27.3799991607666,0.0923057927227602
-11.92,88.96,"drifting_longlines",1.25694444444444,27.3799991607666,0.0923057927227602
-11.92,93.2,"drifting_longlines",0.0444444444444444,27.7399997711182,0.113579147391849
-11.91,89.58,"drifting_longlines",0,27.7099990844727,0.0940876613462591
-11.91,95.11,"drifting_longlines",0,27.1399993896484,0.139476206003283
-11.91,109.48,"drifting_longlines",0,26.3299999237061,0.148202519774844
-11.91,93.19,"drifting_longlines",0.263888888888889,27.7399997711182,0.113579147391849
-11.91,93.2,"drifting_longlines",0.180694444444444,27.7399997711182,0.113579147391849
-11.9,93.2,"drifting_longlines",0.674027777777778,27.7399997711182,0.113579147391849
-11.9,89.56,"drifting_longlines",0,27.7099990844727,0.0940876613462591
-11.9,89.57,"drifting_longlines",0,27.7099990844727,0.0940876613462591
-11.89,95.1,"drifting_longlines",0,27.1399993896484,0.139476206003283
-11.89,89.56,"drifting_longlines",0,27.7099990844727,0.0940876613462591
-11.89,109.52,"drifting_longlines",0,26.3799991607666,0.148202519774844
-11.85,95.06,"drifting_longlines",0,27.1399993896484,0.139476206003283
-11.85,109.58,"drifting_longlines",0,26.3799991607666,0.148202519774844
-11.84,90.22,"drifting_longlines",1.51527777777778,27.8199996948242,0.11499735960071
-11.83,90.22,"drifting_longlines",0.201666666666667,27.8199996948242,0.11499735960071
-11.83,93.19,"drifting_longlines",0.250277777777778,27.7399997711182,0.113579147391849
-9.27,114.05,"drifting_longlines",0,26.5100002288818,1.34612662767306
-11.82,95.02,"drifting_longlines",0,27.1399993896484,0.139476206003283
-11.82,95.03,"drifting_longlines",0,27.1399993896484,0.139476206003283
-11.82,93.19,"drifting_longlines",0.0498611111111111,27.7399997711182,0.113579147391849
-11.81,93.19,"drifting_longlines",0.0970833333333333,27.7399997711182,0.113579147391849
-11.81,95.02,"drifting_longlines",0,27.1399993896484,0.139476206003283
-11.81,93.21,"drifting_longlines",1.48027777777778,27.7399997711182,0.113579147391849
-11.81,90.22,"drifting_longlines",0.202361111111111,27.8199996948242,0.11499735960071
-11.81,95.01,"drifting_longlines",0,27.1399993896484,0.139476206003283
-11.81,109.68,"drifting_longlines",0,26.3799991607666,0.148202519774844
-11.8,90.22,"drifting_longlines",0.13875,27.8199996948242,0.11499735960071
-11.8,109.7,"drifting_longlines",0,26.3799991607666,0.148202519774844
-11.8,95,"drifting_longlines",0,27.1399993896484,0.139476206003283
-11.8,95.01,"drifting_longlines",0,27.1399993896484,0.139476206003283
-11.79,90.22,"drifting_longlines",0.105416666666667,27.8199996948242,0.11499735960071
-11.79,93.19,"drifting_longlines",0.119722222222222,27.7399997711182,0.113579147391849
-11.78,88.91,"drifting_longlines",4.64013888888889,27.3799991607666,0.0923057927227602
-11.78,90.22,"drifting_longlines",0.125833333333333,27.8199996948242,0.11499735960071
-11.78,88.9,"drifting_longlines",2.00138888888889,27.3799991607666,0.0923057927227602
-11.77,93.19,"drifting_longlines",0.0681944444444444,27.7399997711182,0.113579147391849
-11.77,90.22,"drifting_longlines",0.129444444444444,27.8199996948242,0.11499735960071
-11.77,109.75,"drifting_longlines",0,26.3899993896484,0.148202519774844
-11.77,94.97,"drifting_longlines",0,27.2099990844727,0.12436338737607
-11.76,90.22,"drifting_longlines",0.161666666666667,27.8199996948242,0.11499735960071
-11.76,93.19,"drifting_longlines",0.125,27.7399997711182,0.113579147391849
-11.76,94.96,"drifting_longlines",0,27.2099990844727,0.12436338737607
-11.75,90.22,"drifting_longlines",0.111111111111111,27.6199989318848,0.11499735960071
-11.75,94.96,"drifting_longlines",0,26.9899997711182,0.12436338737607
-9.19,114.3,"drifting_longlines",0,26.0999984741211,1.34612662767306
-11.74,109.81,"drifting_longlines",0,26.4099998474121,0.148202519774844
-11.74,90.22,"drifting_longlines",0.25,27.6199989318848,0.11499735960071
-11.74,109.82,"drifting_longlines",0,26.4099998474121,0.148202519774844
-11.74,109.8,"drifting_longlines",0,26.4099998474121,0.148202519774844
-9.18,114.35,"drifting_longlines",0,26.0999984741211,1.34612662767306
-11.73,89.35,"drifting_longlines",0,27.6299991607666,0.0940876613462591
-11.72,93.19,"drifting_longlines",0.154027777777778,27.5499992370605,0.113579147391849
-11.72,109.85,"drifting_longlines",0,26.4099998474121,0.148202519774844
-9.16,114.4,"drifting_longlines",0,26.0999984741211,1.34612662767306
-11.71,109.87,"drifting_longlines",0,26.4099998474121,0.148202519774844
-11.71,94.91,"drifting_longlines",0,26.9899997711182,0.12436338737607
-11.71,109.86,"drifting_longlines",0,26.4099998474121,0.148202519774844
-11.71,90.22,"drifting_longlines",0.358472222222222,27.6199989318848,0.11499735960071
-9.15,114.42,"drifting_longlines",0,26.0999984741211,1.34612662767306
-11.7,93.19,"drifting_longlines",0.0690277777777778,27.5499992370605,0.113579147391849
-11.7,93.2,"drifting_longlines",0.0638888888888889,27.5499992370605,0.113579147391849
-11.69,90.22,"drifting_longlines",0.167916666666667,27.6199989318848,0.11499735960071
-9.13,114.5,"drifting_longlines",0,26.0299987792969,1.34612662767306
-9.13,114.48,"drifting_longlines",0,26.0999984741211,1.34612662767306
-11.68,90.23,"drifting_longlines",0.209722222222222,27.6199989318848,0.11499735960071
-11.68,93.2,"drifting_longlines",0.221111111111111,27.5499992370605,0.113579147391849
-11.67,94.86,"drifting_longlines",0,26.9899997711182,0.12436338737607
-11.67,94.87,"drifting_longlines",0,26.9899997711182,0.12436338737607
-11.67,93.21,"drifting_longlines",1.75652777777778,27.5499992370605,0.113579147391849
-11.67,90.23,"drifting_longlines",0.159305555555556,27.6199989318848,0.11499735960071
-11.66,109.96,"drifting_longlines",0,26.4099998474121,0.148202519774844
-11.66,109.97,"drifting_longlines",0,26.4099998474121,0.148202519774844
-11.65,109.98,"drifting_longlines",0,26.4099998474121,0.148202519774844
-11.65,90.23,"drifting_longlines",1.02541666666667,27.6199989318848,0.11499735960071
-9.07,114.68,"drifting_longlines",0,26.0299987792969,1.34612662767306
-11.62,93.2,"drifting_longlines",0.830416666666667,27.5499992370605,0.113579147391849
-11.61,90.25,"drifting_longlines",4.63041666666667,27.5399990081787,0.11499735960071
-11.61,110.07,"drifting_longlines",0,26.3999996185303,0.219419872218912
-11.6,90.23,"drifting_longlines",1.12097222222222,27.6199989318848,0.11499735960071
-11.6,90.22,"drifting_longlines",1.22777777777778,27.6199989318848,0.11499735960071
-11.56,93.08,"drifting_longlines",4.14319444444444,27.5499992370605,0.113579147391849
-11.55,93.19,"drifting_longlines",1.04416666666667,27.5499992370605,0.113579147391849
-11.53,93.19,"drifting_longlines",0.226666666666667,27.5499992370605,0.113579147391849
-11.53,93.08,"drifting_longlines",0.338333333333333,27.5499992370605,0.113579147391849
-11.52,93.23,"drifting_longlines",4.07513888888889,27.5499992370605,0.113579147391849
-11.51,93.19,"drifting_longlines",0.268333333333333,27.5499992370605,0.113579147391849
-11.5,93.08,"drifting_longlines",0.335277777777778,27.4099998474121,0.113579147391849
-11.49,93.19,"drifting_longlines",0.159444444444444,27.4099998474121,0.113579147391849
-11.48,93.19,"drifting_longlines",0.117222222222222,27.4099998474121,0.113579147391849
-11.47,93.19,"drifting_longlines",0.138055555555556,27.4099998474121,0.113579147391849
-11.47,93.08,"drifting_longlines",0.338888888888889,27.4099998474121,0.113579147391849
-11.46,93.19,"drifting_longlines",0.0766666666666667,27.4099998474121,0.113579147391849
-11.45,110.38,"drifting_longlines",0,26.4499988555908,0.219419872218912
-11.45,93.25,"drifting_longlines",1.08194444444444,27.2799987792969,0.113579147391849
-11.45,93.19,"drifting_longlines",0.213194444444444,27.4099998474121,0.113579147391849
-14,104.63,"drifting_longlines",0,26.2799987792969,0.1645863810233
-14,104.67,"drifting_longlines",0,26.2799987792969,0.1645863810233
-14,104.65,"drifting_longlines",0,26.2799987792969,0.1645863810233
-14,104.71,"drifting_longlines",0,26.2799987792969,0.1645863810233
-11.44,93.08,"drifting_longlines",0.252083333333333,27.4099998474121,0.113579147391849
-13.99,104.76,"drifting_longlines",0,26.189998626709,0.1645863810233
-13.99,104.78,"drifting_longlines",0,26.189998626709,0.1645863810233
-13.99,104.8,"drifting_longlines",0,26.189998626709,0.1645863810233
-11.43,93.2,"drifting_longlines",0.200972222222222,27.4099998474121,0.113579147391849
-11.43,93.08,"drifting_longlines",0.157638888888889,27.4099998474121,0.113579147391849
-13.98,104.83,"drifting_longlines",0,26.189998626709,0.1645863810233
-13.98,104.81,"drifting_longlines",0,26.189998626709,0.1645863810233
-13.98,101.2,"drifting_longlines",0.757222222222222,26.1399993896484,0.13555135684354
-13.98,104.9,"drifting_longlines",0,26.189998626709,0.1645863810233
-11.42,93.2,"drifting_longlines",0.15,27.4099998474121,0.113579147391849
-13.97,104.98,"drifting_longlines",0,26.189998626709,0.1645863810233
-13.97,104.99,"drifting_longlines",0,26.189998626709,0.1645863810233
-13.97,104.97,"drifting_longlines",0,26.189998626709,0.1645863810233
-11.41,93.21,"drifting_longlines",0.125277777777778,27.4099998474121,0.113579147391849
-11.41,93.08,"drifting_longlines",0.125,27.4099998474121,0.113579147391849
-13.96,101.2,"drifting_longlines",0.329166666666667,26.1399993896484,0.13555135684354
-11.4,93.08,"drifting_longlines",0.180555555555556,27.4099998474121,0.113579147391849
-11.4,93.21,"drifting_longlines",0.179305555555556,27.4099998474121,0.113579147391849
-13.95,105.2,"drifting_longlines",0,26.1099987030029,0.152241024999849
-13.95,101.19,"drifting_longlines",0.116805555555556,26.1399993896484,0.13555135684354
-11.39,93.21,"drifting_longlines",0.146527777777778,27.4099998474121,0.113579147391849
-11.39,93.22,"drifting_longlines",0.157222222222222,27.4099998474121,0.113579147391849
-13.94,105.19,"drifting_longlines",0,26.1099987030029,0.152241024999849
-13.94,101.18,"drifting_longlines",0.102083333333333,26.1399993896484,0.13555135684354
-13.94,101.19,"drifting_longlines",0.174583333333333,26.1399993896484,0.13555135684354
-13.94,105.21,"drifting_longlines",0,26.1099987030029,0.152241024999849
-11.38,93.22,"drifting_longlines",0.760972222222222,27.4099998474121,0.113579147391849
-11.38,93.08,"drifting_longlines",0.301388888888889,27.4099998474121,0.113579147391849
-11.37,93.22,"drifting_longlines",0.264027777777778,27.4099998474121,0.113579147391849
-13.92,101.17,"drifting_longlines",0.341527777777778,26.1399993896484,0.13555135684354
-13.92,101.18,"drifting_longlines",0.173888888888889,26.1399993896484,0.13555135684354
-11.36,93.08,"drifting_longlines",0.144444444444444,27.4099998474121,0.113579147391849
-11.35,93.23,"drifting_longlines",0.273611111111111,27.4099998474121,0.113579147391849
-11.35,93.08,"drifting_longlines",0.196944444444444,27.4099998474121,0.113579147391849
-11.35,93.22,"drifting_longlines",0.976388888888889,27.4099998474121,0.113579147391849
-11.34,93.23,"drifting_longlines",0.208194444444444,27.4099998474121,0.113579147391849
-11.33,93.08,"drifting_longlines",0.172083333333333,27.4099998474121,0.113579147391849
-13.88,101.15,"drifting_longlines",0.349166666666667,26.1399993896484,0.13555135684354
-11.32,93.08,"drifting_longlines",0.189027777777778,27.4099998474121,0.113579147391849
-11.32,93.23,"drifting_longlines",0.162361111111111,27.4099998474121,0.113579147391849
-13.87,105.95,"drifting_longlines",0,26.019998550415,0.152241024999849
-13.87,105.96,"drifting_longlines",0,26.019998550415,0.152241024999849
-13.87,105.92,"drifting_longlines",0,26.019998550415,0.152241024999849
-13.87,105.97,"drifting_longlines",0,26.019998550415,0.152241024999849
-13.87,101.15,"drifting_longlines",0.156944444444444,26.1399993896484,0.13555135684354
-11.31,93.08,"drifting_longlines",0.230833333333333,27.4099998474121,0.113579147391849
-11.31,93.23,"drifting_longlines",0.169027777777778,27.4099998474121,0.113579147391849
-8.75,115.21,"drifting_longlines",0,26.7099990844727,0.437547977423776
-13.86,101.14,"drifting_longlines",0.145555555555556,26.1399993896484,0.13555135684354
-13.86,106.02,"drifting_longlines",0,25.939998626709,0.132527856206572
-13.86,106.03,"drifting_longlines",0,25.939998626709,0.132527856206572
-13.86,106.04,"drifting_longlines",0,25.939998626709,0.132527856206572
-11.3,93.08,"drifting_longlines",0.177777777777778,27.4099998474121,0.113579147391849
-11.3,93.24,"drifting_longlines",0.190833333333333,27.4099998474121,0.113579147391849
-11.3,110.67,"drifting_longlines",0,26.4799995422363,0.219419872218912
-13.85,106.17,"drifting_longlines",0,25.939998626709,0.132527856206572
-13.85,106.15,"drifting_longlines",0,25.939998626709,0.132527856206572
-13.85,106.16,"drifting_longlines",0,25.939998626709,0.132527856206572
-13.85,101.14,"drifting_longlines",0.190972222222222,26.1399993896484,0.13555135684354
-11.29,93.24,"drifting_longlines",0.175,27.4099998474121,0.113579147391849
-13.84,106.24,"drifting_longlines",0,25.939998626709,0.132527856206572
-13.84,106.23,"drifting_longlines",0,25.939998626709,0.132527856206572
-13.84,101.13,"drifting_longlines",0.172916666666667,26.1399993896484,0.13555135684354
-13.84,106.22,"drifting_longlines",0,25.939998626709,0.132527856206572
-11.28,93.25,"drifting_longlines",0.305833333333333,27.2799987792969,0.113579147391849
-13.83,101.13,"drifting_longlines",0.0597222222222222,26.1399993896484,0.13555135684354
-13.83,101.12,"drifting_longlines",0.142222222222222,26.1399993896484,0.13555135684354
-13.83,106.29,"drifting_longlines",0,25.8599987030029,0.132527856206572
-13.83,106.37,"drifting_longlines",0,25.8599987030029,0.132527856206572
-13.82,106.39,"drifting_longlines",0,25.8599987030029,0.132527856206572
-13.82,101.12,"drifting_longlines",0.217638888888889,26.1399993896484,0.13555135684354
-13.82,106.45,"drifting_longlines",0,25.8599987030029,0.132527856206572
-11.26,93.09,"drifting_longlines",0.270833333333333,27.4099998474121,0.113579147391849
-11.26,110.75,"drifting_longlines",0,26.5,0.219419872218912
-11.26,93.25,"drifting_longlines",4.56958333333333,27.2799987792969,0.113579147391849
-13.81,106.51,"drifting_longlines",0,25.7999992370605,0.132527856206572
-13.81,101.11,"drifting_longlines",0.160694444444444,26.1399993896484,0.13555135684354
-13.8,101.1,"drifting_longlines",0.651388888888889,26.1399993896484,0.13555135684354
-13.8,106.65,"drifting_longlines",0,25.7999992370605,0.132527856206572
-11.24,94.42,"drifting_longlines",0,26.9699993133545,0.12436338737607
-11.24,93.1,"drifting_longlines",0.220833333333333,27.3699989318848,0.113579147391849
-11.23,93.1,"drifting_longlines",1.10416666666667,27.3699989318848,0.113579147391849
-11.2,110.85,"drifting_longlines",0,26.4899997711182,0.219419872218912
-11.2,110.86,"drifting_longlines",0,26.4899997711182,0.219419872218912
-13.75,101.07,"drifting_longlines",1.72069444444444,26.269998550415,0.13555135684354
-11.19,110.88,"drifting_longlines",0,26.4899997711182,0.219419872218912
-11.19,110.87,"drifting_longlines",0,26.4899997711182,0.219419872218912
-13.74,101.06,"drifting_longlines",1.87347222222222,26.269998550415,0.13555135684354
-11.18,110.89,"drifting_longlines",0,26.4899997711182,0.219419872218912
-13.73,101.07,"drifting_longlines",4.39458333333333,26.269998550415,0.13555135684354
-11.16,110.93,"drifting_longlines",0,26.4899997711182,0.219419872218912
-13.71,107.09,"drifting_longlines",0,25.8799991607666,0.162942359292949
-11.15,91.73,"drifting_longlines",5.15833333333333,27.6099987030029,0.102866068996232
-11.13,110.99,"drifting_longlines",0,26.4899997711182,0.219419872218912
-11.13,91.73,"drifting_longlines",3.84861111111111,27.6099987030029,0.102866068996232
-11.13,111.01,"drifting_longlines",0,26.439998626709,0.241716644647768
-11.1,111.06,"drifting_longlines",0,26.439998626709,0.241716644647768
-11.1,111.05,"drifting_longlines",0,26.439998626709,0.241716644647768
-11.09,92.95,"drifting_longlines",0,27.519998550415,0.110725403113185
-11.08,93.12,"drifting_longlines",2.54986111111111,27.3699989318848,0.113579147391849
-11.07,111.11,"drifting_longlines",0,26.439998626709,0.241716644647768
-11.05,111.16,"drifting_longlines",0,26.439998626709,0.241716644647768
-11.05,111.15,"drifting_longlines",0,26.439998626709,0.241716644647768
-11.04,111.17,"drifting_longlines",0,26.439998626709,0.241716644647768
-11.03,111.18,"drifting_longlines",0,26.439998626709,0.241716644647768
-11.01,111.23,"drifting_longlines",0,26.439998626709,0.241716644647768
-13.54,107.35,"drifting_longlines",0,25.8799991607666,0.162942359292949
-10.98,111.3,"drifting_longlines",0,26.3699989318848,0.286760481913187
-10.97,111.3,"drifting_longlines",0,26.3699989318848,0.286760481913187
-10.95,94.13,"drifting_longlines",0,27.1399993896484,0.119201670187118
-10.94,111.36,"drifting_longlines",0,26.3699989318848,0.286760481913187
-10.93,93.13,"drifting_longlines",6.08055555555556,27.4799995422363,0.118239036723971
-10.91,94.08,"drifting_longlines",0,27.1399993896484,0.119201670187118
-10.88,94.05,"drifting_longlines",0,27.1399993896484,0.119201670187118
-10.86,94.03,"drifting_longlines",0,27.1399993896484,0.119201670187118
-10.85,93.12,"drifting_longlines",1.54291666666667,27.4799995422363,0.118239036723971
-10.84,93.12,"drifting_longlines",0.179305555555556,27.4799995422363,0.118239036723971
-13.39,107.6,"drifting_longlines",0,25.8799991607666,0.162942359292949
-10.82,93.12,"drifting_longlines",0.152638888888889,27.4799995422363,0.118239036723971
-10.81,93.12,"drifting_longlines",0.174305555555556,27.4799995422363,0.118239036723971
-10.79,93.12,"drifting_longlines",0.127361111111111,27.4799995422363,0.118239036723971
-10.79,93.13,"drifting_longlines",0.0525,27.4799995422363,0.118239036723971
-10.78,93.13,"drifting_longlines",0.182361111111111,27.4799995422363,0.118239036723971
-10.77,93.94,"drifting_longlines",0,27.269998550415,0.118239036723971
-10.76,93.93,"drifting_longlines",0,27.269998550415,0.118239036723971
-10.76,93.13,"drifting_longlines",0.155277777777778,27.4799995422363,0.118239036723971
-10.75,93.13,"drifting_longlines",0.115138888888889,27.6700000762939,0.118239036723971
-10.74,93.13,"drifting_longlines",0.261111111111111,27.6700000762939,0.118239036723971
-10.72,93.89,"drifting_longlines",0.154166666666667,27.3299999237061,0.118239036723971
-10.7,93.13,"drifting_longlines",0.312638888888889,27.6700000762939,0.118239036723971
-10.69,93.13,"drifting_longlines",0.191527777777778,27.6700000762939,0.118239036723971
-13.24,107.87,"drifting_longlines",0,25.9300003051758,0.162942359292949
-10.68,93.85,"drifting_longlines",0.27375,27.3299999237061,0.118239036723971
-10.68,93.13,"drifting_longlines",2.48888888888889,27.6700000762939,0.118239036723971
-10.65,93.81,"drifting_longlines",0.187361111111111,27.3299999237061,0.118239036723971
-10.63,93.79,"drifting_longlines",0.244444444444444,27.3299999237061,0.118239036723971
-10.58,93.74,"drifting_longlines",6.9625,27.4599990844727,0.118239036723971
-10.49,91.68,"drifting_longlines",11.17875,28.1599998474121,0.116320681354519
-10.38,92.96,"drifting_longlines",0,27.9300003051758,0.108528019487858
-10.36,93.55,"drifting_longlines",0.172083333333333,27.4499988555908,0.118239036723971
-10.36,93.54,"drifting_longlines",3.88763888888889,27.4499988555908,0.118239036723971
-10.35,93.55,"drifting_longlines",0.290138888888889,27.4499988555908,0.118239036723971
-10.33,86.47,"drifting_longlines",0,27.25,0.116210587439127
-10.33,86.54,"drifting_longlines",0,27.3400001525879,0.116210587439127
-10.33,93.57,"drifting_longlines",0.363888888888889,27.4499988555908,0.118239036723971
-10.32,92.96,"drifting_longlines",0,27.9300003051758,0.108528019487858
-10.32,93.59,"drifting_longlines",0.344444444444444,27.4499988555908,0.118239036723971
-10.31,86.85,"drifting_longlines",0,27.5100002288818,0.116210587439127
-10.3,93.6,"drifting_longlines",0.344583333333333,27.4499988555908,0.118239036723971
-10.29,93.62,"drifting_longlines",0.252916666666667,27.4499988555908,0.118239036723971
-10.29,87.12,"drifting_longlines",0,27.5699996948242,0.100210090321076
-10.29,87.17,"drifting_longlines",0,27.5699996948242,0.100210090321076
-10.28,87.27,"drifting_longlines",0,27.5599994659424,0.100210090321076
-10.28,93.62,"drifting_longlines",0.147083333333333,27.4499988555908,0.118239036723971
-10.28,93.63,"drifting_longlines",0.120694444444444,27.4499988555908,0.118239036723971
-10.28,87.18,"drifting_longlines",0,27.5699996948242,0.100210090321076
-10.28,87.24,"drifting_longlines",0,27.5699996948242,0.100210090321076
-10.28,87.21,"drifting_longlines",0,27.5699996948242,0.100210090321076
-10.28,87.28,"drifting_longlines",0,27.5599994659424,0.100210090321076
-10.27,93.64,"drifting_longlines",0.181944444444444,27.4499988555908,0.118239036723971
-10.27,87.29,"drifting_longlines",0,27.5599994659424,0.100210090321076
-10.27,87.32,"drifting_longlines",0,27.5599994659424,0.100210090321076
-10.27,87.3,"drifting_longlines",0,27.5599994659424,0.100210090321076
-10.26,87.42,"drifting_longlines",0,27.5599994659424,0.100210090321076
-10.26,87.47,"drifting_longlines",0,27.5599994659424,0.100210090321076
-10.26,93.65,"drifting_longlines",0.286111111111111,27.4499988555908,0.118239036723971
-10.26,87.4,"drifting_longlines",0,27.5599994659424,0.100210090321076
-10.26,87.48,"drifting_longlines",0,27.5599994659424,0.100210090321076
-10.26,87.41,"drifting_longlines",0,27.5599994659424,0.100210090321076
-10.26,92.96,"drifting_longlines",0,27.9300003051758,0.108528019487858
-10.26,87.39,"drifting_longlines",0,27.5599994659424,0.100210090321076
-10.26,87.46,"drifting_longlines",0,27.5599994659424,0.100210090321076
-10.26,87.45,"drifting_longlines",0,27.5599994659424,0.100210090321076
-10.25,87.53,"drifting_longlines",0,27.5499992370605,0.100210090321076
-10.25,93.66,"drifting_longlines",0.308472222222222,27.439998626709,0.118239036723971
-10.25,87.52,"drifting_longlines",0,27.5499992370605,0.100210090321076
-10.25,87.54,"drifting_longlines",0,27.5499992370605,0.100210090321076
-10.25,87.49,"drifting_longlines",0,27.6499996185303,0.100210090321076
1.23,103.87,"purse_seines",0,NA,NA
1.23,103.85,"purse_seines",0,NA,NA
1.24,103.85,"purse_seines",0,NA,NA
1.24,103.88,"purse_seines",0,NA,NA
1.24,103.79,"purse_seines",0,NA,NA
1.24,103.8,"purse_seines",0,NA,NA
1.25,103.88,"purse_seines",0,NA,NA
1.25,103.89,"purse_seines",0,NA,NA
1.25,103.79,"purse_seines",0,NA,NA
1.25,103.8,"purse_seines",0,NA,NA
1.25,103.78,"purse_seines",0,NA,NA
1.26,103.77,"purse_seines",0,NA,NA
1.26,103.76,"purse_seines",0,NA,NA
1.26,103.8,"purse_seines",0,NA,NA
1.26,103.81,"purse_seines",0,NA,NA
1.27,103.76,"purse_seines",0,NA,NA
1.27,103.75,"purse_seines",0,NA,NA
1.28,103.74,"purse_seines",0,NA,NA
1.28,103.73,"purse_seines",0,NA,NA
1.29,103.73,"purse_seines",0,NA,NA
1.29,103.72,"purse_seines",0,NA,NA
1.29,103.74,"purse_seines",0,NA,NA
1.3,103.72,"purse_seines",0,NA,NA
1.3,103.69,"purse_seines",0,NA,NA
0.5,119.46,"drifting_longlines",0,29.5900001525879,0.191644330819448
-7.11,133.9,"trawlers",0,26.4200000762939,1.00956139267642
-7.11,133.88,"trawlers",0,26.4200000762939,1.00956139267642
-7.11,133.87,"trawlers",0,26.4200000762939,1.00956139267642
-7.1,133.92,"trawlers",0.114722222222222,26.4200000762939,1.00956139267642
-7.1,133.94,"trawlers",4.45138888888889,26.4200000762939,1.00956139267642
-7.1,133.95,"trawlers",0.219027777777778,26.4200000762939,1.00956139267642
-7.1,133.89,"trawlers",0.466805555555556,26.4200000762939,1.00956139267642
-7.1,133.9,"trawlers",0,26.4200000762939,1.00956139267642
-7.1,133.93,"trawlers",0.367361111111111,26.4200000762939,1.00956139267642
-7.1,133.91,"trawlers",0.780694444444444,26.4200000762939,1.00956139267642
-7.09,133.88,"trawlers",0,26.4200000762939,1.00956139267642
-7.09,133.94,"trawlers",0,26.4200000762939,1.00956139267642
-7.09,133.95,"trawlers",0,26.4200000762939,1.00956139267642
-7.09,133.89,"trawlers",0.847083333333333,26.4200000762939,1.00956139267642
-7.08,133.94,"trawlers",0,26.4200000762939,1.00956139267642
-7.06,133.92,"trawlers",0,26.4200000762939,1.00956139267642
-7.05,133.91,"trawlers",0,26.4200000762939,1.00956139267642
-7.02,133.89,"trawlers",0,26.4200000762939,1.00956139267642
-7.01,133.89,"trawlers",0,26.4200000762939,1.00956139267642
-6.93,133.88,"trawlers",0,26.6299991607666,0.643496022028949
-6.87,133.89,"trawlers",0,26.6299991607666,0.643496022028949
1.61,120.4,"drifting_longlines",0,29.9699993133545,NA
1.82,120.71,"drifting_longlines",0,29.9200000762939,NA
7.27,114.99,"drifting_longlines",0,29.1700000762939,0.132115815579891
1.3,103.69,"purse_seines",0,NA,NA
6.97,104.17,"purse_seines",4.52819444444444,29.5,NA
6.99,104.15,"purse_seines",4.52819444444444,29.5,NA
1.18,103.85,"drifting_longlines",0,NA,NA
1.19,103.81,"drifting_longlines",0,NA,NA
1.2,103.89,"drifting_longlines",0,NA,NA
1.21,103.79,"drifting_longlines",0,NA,NA
1.22,103.93,"drifting_longlines",0,NA,NA
1.23,103.96,"drifting_longlines",0,NA,NA
1.23,103.77,"drifting_longlines",0,NA,NA
1.25,104.01,"drifting_longlines",0,29.269998550415,0.473083734512329
1.25,104.07,"drifting_longlines",0,29.269998550415,0.473083734512329
1.26,103.75,"drifting_longlines",0,NA,NA
1.28,103.73,"drifting_longlines",0,NA,NA
1.3,103.72,"drifting_longlines",0,NA,NA
1.31,103.72,"drifting_longlines",0,NA,NA
-12.8,91.21,"drifting_longlines",7.36388888888889,27.189998626709,0.10092934248624
5.22,92.95,"drifting_longlines",0,29.1299991607666,0.153193290862772
7.95,141.54,"drifting_longlines",0,29.519998550415,NA
7.98,141.5,"drifting_longlines",0,29.519998550415,NA
5.47,93.18,"drifting_longlines",0,29.2099990844727,0.155373985244744
5.57,124.44,"purse_seines",0,29.0699996948242,NA
5.58,104.68,"drifting_longlines",0,29.6499996185303,NA
5.88,93.57,"drifting_longlines",0,29.1999988555908,0.155373985244744
5.96,105.36,"drifting_longlines",0,29.7799987792969,0.201643471140414
6.06,105.58,"drifting_longlines",0,29.7299995422363,NA
6.06,105.6,"drifting_longlines",0,29.7299995422363,NA
-11.51,89.62,"drifting_longlines",7.13708333333333,27.689998626709,0.0940876613462591
-11.51,89.61,"drifting_longlines",0.0294444444444444,27.689998626709,0.0940876613462591
6.92,107.36,"drifting_longlines",0,29.2099990844727,NA
4.8,92.62,"drifting_longlines",0,29.2899990081787,0.135010187442486
4.95,92.73,"drifting_longlines",0,29.2899990081787,0.135010187442486
4.99,125.92,"purse_seines",0,29.4599990844727,NA
4.99,126.63,"purse_seines",0,29.3699989318848,NA
4.99,126.02,"purse_seines",0,29.4799995422363,NA
4.99,126.56,"purse_seines",0,29.3699989318848,NA
4.99,126.7,"purse_seines",0,29.3699989318848,NA
4.99,126.27,"purse_seines",0,29.4200000762939,NA
-12.93,91.46,"drifting_longlines",3.83611111111111,27.0999984741211,0.10092934248624
-12.84,91.72,"drifting_longlines",2.71125,27.1299991607666,0.10092934248624
-12.82,91.57,"drifting_longlines",1.91125,27.1299991607666,0.10092934248624
-12.81,91.25,"drifting_longlines",6.68861111111111,27.0999984741211,0.10092934248624
-12.81,91.38,"drifting_longlines",1.78180555555556,27.0999984741211,0.10092934248624
1.31,103.72,"drifting_longlines",0,NA,NA
1.21,103.73,"fixed_gear",0,29.5399990081787,NA
1.24,103.9,"fixed_gear",0,NA,NA
1.31,103.64,"fixed_gear",0,NA,NA
-8.26,137,"trawlers",6.04319444444444,26.6499996185303,1.10964729388555
-8.22,137.01,"trawlers",1.43083333333333,26.9099998474121,1.10964729388555
-8.21,136.99,"trawlers",1.59,26.7899990081787,2.64762337204193
-8.06,136.88,"trawlers",2.35361111111111,26.7899990081787,2.64762337204193
-8.01,136.99,"trawlers",5.99569444444445,26.7899990081787,2.64762337204193
-8,136.97,"trawlers",0.354583333333333,26.6800003051758,2.93452532291412
-7.99,136.96,"trawlers",0.237916666666667,26.6800003051758,2.93452532291412
-7.99,136.92,"trawlers",1.055,26.6800003051758,2.93452532291412
-7.99,136.9,"trawlers",0.271111111111111,26.6800003051758,2.93452532291412
-7.99,136.95,"trawlers",0.829722222222222,26.6800003051758,2.93452532291412
-7.98,136.89,"trawlers",1.80625,26.6800003051758,2.93452532291412
-7.98,136.9,"trawlers",0.0541666666666667,26.6800003051758,2.93452532291412
-7.97,136.82,"trawlers",2.67416666666667,26.6800003051758,2.93452532291412
